,World,EU,Europe,Austria,Denmark,Finland,France,Germany,Greece,Hungary,Iceland,Ireland,Lithuania,Norway,Poland,Portugal,Spain,UK
World,0.0,0.0,0.0,0.09436093777043356,0.001647427577826802,0.003648763725700648,0.0,0.0,0.08125280270604426,0.0,0.05739348962840559,0.0,0.007113341464500853,0.0,0.0,0.00574679724480821,0.0032532795336098117,0.0
EU,0.0,0.0,0.0687581255275275,0.11430975627616187,0.022910192872484383,0.0,0.0,0.0,0.09713065559511755,0.007554367728052067,0.0,0.0,0.0,0.026144408662415203,0.029793172388115855,0.04976285970413586,0.0,0.0
Europe,0.0,0.0,0.0,0.12238508050333935,0.026558956598185066,0.0,0.0,0.0,0.10287745283992573,0.010114270806585716,0.0,0.0,0.0,0.03722917898823772,0.040877942713938374,0.05783818393131335,0.0,0.0
Austria,0.041666666666666664,0.0,0.0,0.0,0.0412815634727561,0.001769029655210084,0.0,0.0,0.0619385758365761,0.0629848606694718,0.01572682296173893,0.0,0.00334647756066667,0.0,0.0,0.046060722947502866,0.001582633601096276,0.0
Denmark,0.0,0.0,0.0,0.09436093777043356,0.0,0.0,0.0,0.0,0.08125280270604426,0.04746260266522031,0.0,0.0,0.0,0.0,0.0,0.035847702204314054,0.0,0.029171989488149898
Finland,0.0,0.06429513181625672,0.04281828182259976,0.10795263454374864,0.019656913338874597,0.0,0.0,0.0,0.09230877290077058,0.005195510234616937,0.0,0.0,0.0,0.018069084435237706,0.02171784816093836,0.04340573797172265,0.07766539879831504,0.0
France,0.0,0.015367724616323998,0.01271737686309392,0.09436093777043356,0.011592563651767234,0.03482598322532767,0.0,0.0,0.08125280270604426,0.0,0.0,0.0,0.0,0.002005230011477104,0.00565399373717777,0.035847702204314054,0.02873799159838232,0.029171989488149898
Germany,0.0,0.0,0.0,0.0,0.0,0.0,0.0,0.0,0.0,0.0,0.0,0.0,0.0,0.0,0.0,0.0,0.0,0.0
Greece,0.041666666666666664,0.0,0.0,0.0,0.05270336526060024,0.001769029655210084,0.0,0.0,0.0,0.06945308439221966,0.01572682296173893,0.0,0.00334647756066667,0.0,0.0,0.046060722947502866,0.001582633601096276,0.006970579618285733
Hungary,0.0,0.0,0.0,0.02675442739883916,0.001647427577826802,0.003648763725700648,0.0,0.0,0.013646292334449858,0.0,0.05739348962840559,0.0,0.007113341464500853,0.0,0.0,0.01716859903265236,0.0032532795336098117,0.0
Iceland,0.0,0.0,0.0,0.09436093777043356,0.002506291500475385,0.00565399373717777,0.0,0.0,0.08125280270604426,0.0,0.0,0.0,0.011421801787844169,0.0,0.0,0.009093274805474873,0.005022309188819839,0.0
Ireland,0.0,0.0,0.0,0.0,0.0,0.0,0.0,0.0,0.0,0.0,0.0,0.0,0.0,0.0,0.0,0.0,0.0,0.0
Lithuania,0.0,0.04856830885451778,0.0352239489767606,0.10795263454374864,0.01815347920788303,0.001769029655210084,0.004308460323343317,0.0,0.09230877290077058,0.005195510234616937,0.0,0.0,0.0,0.018069084435237706,0.01837137060027169,0.04340573797172265,0.0619385758365761,0.002148696923938789
Norway,0.0,0.0,0.0,0.16700402737992878,0.038270919301009544,0.0,0.0,0.0,0.12538402495359238,0.017669430277104478,0.0,0.0,0.0,0.0,0.0,0.10245713080790275,0.0,0.0
Poland,0.0,0.0,0.0,0.16700402737992878,0.038270919301009544,0.0,0.0,0.0,0.12538402495359238,0.017669430277104478,0.0,0.0,0.0,0.0,0.0,0.10245713080790275,0.0,0.0
Portugal,0.0,0.0,0.0,0.0,0.03302718032093296,0.007802690661116552,0.0,0.0,0.0619385758365761,0.021318194002805133,0.0,0.0,0.01645461262505598,0.0,0.0,0.0,0.006902043259310454,0.002148696923938789
Spain,0.0,0.0,0.0687581255275275,0.11430975627616187,0.022910192872484383,0.0,0.0,0.0,0.09713065559511755,0.007554367728052067,0.0,0.0,0.0,0.026144408662415203,0.029793172388115855,0.04976285970413586,0.0,0.0
UK,0.0,0.06429513181625672,0.04281828182259976,0.032751791326315095,0.019656913338874597,0.0,0.0,0.0,0.017107929683337027,0.052495413502432114,0.0,0.0,0.0,0.018069084435237706,0.02171784816093836,0.02041817447671763,0.07766539879831504,0.0
