,World,EU,Europe,Austria,Denmark,Finland,France,Germany,Greece,Hungary,Iceland,Ireland,Lithuania,Norway,Poland,Portugal,Spain,UK
World,0.0,0.0,0.0,0.015355033401965625,0.0,0.03058020864615915,0.05014292149229107,0.014356927766800837,0.0,0.06580584531760474,0.044131222247548126,0.11243002220567128,0.02246371808571698,0.02034847266386148,0.016971622957894974,0.0,0.0,0.0007243505138685203
EU,0.0352239489767606,0.0,0.0,0.009322827570538388,0.0,0.016665051146337317,0.023388494093451888,0.00877433854814265,0.0,0.0486372462849524,0.021624650133881467,0.031177219499627023,0.012990381492086858,0.011942995273559437,0.008064349687107357,0.0,0.0,0.0007243505138685203
Europe,0.024139178650938075,0.05604074866443359,0.0,0.00721254110477376,0.09436093777043356,0.01251112421092146,0.017031372361038688,0.006802560038748802,0.0,0.043815363590605456,0.015877852889073278,0.02183594833907189,0.009904313759999004,0.009144549467642033,0.0051291290757022375,0.0,0.09436093777043356,0.0007243505138685203
Austria,0.0,0.0,0.0,0.0,0.0,0.0,0.0,0.09888410958055865,0.0,0.041666666666666664,0.0,0.0,0.0,0.0,0.0,0.0,0.07766539879831504,0.0007243505138685203
Denmark,0.029171989488149898,0.09770741533110028,0.0,0.008249165447883974,0.0,0.014516354222398543,0.02004201653278523,0.007772281377692424,0.0,0.04612966037793744,0.018614005962134906,0.026144408662415203,0.011407747890990645,0.010511208793145824,0.006560915556115779,0.0,0.0,0.0007243505138685203
Finland,0.0,0.0,0.0,0.030712883533600948,0.0,0.0,0.0,0.028120754041553994,0.0,0.041666666666666664,0.0,0.0,0.05553897013853877,0.04649288132627666,0.04614361244604488,0.0,0.006902043259310454,0.09131842438046792
France,0.0,0.0,0.0,0.021239546939970873,0.0,0.04974030319915918,0.0,0.019715276651251914,0.0,0.09469796923245523,0.11933206546498168,0.0,0.0330323980248721,0.029324282293624323,0.02667835564924235,0.0,0.0,0.010065621674423646
Germany,0.0,0.0,0.0,0.0,0.0,0.0,0.0,0.0,0.0,0.041666666666666664,0.0,0.0,0.0,0.0,0.0,0.0,0.0,0.007257301383817508
Greece,0.019830718327594764,0.04031392570269467,0.09059407386659939,0.006210483934323599,0.052694271103766906,0.010631390140430836,0.014295219287977026,0.005863152521621802,0.0,0.041666666666666664,0.013370266982058322,0.018069084435237706,0.008472527279585463,0.00783734845294007,0.0037624697501983735,0.0,0.052694271103766906,0.0007243505138685203
Hungary,0.0,0.0,0.0,0.006210483934323599,0.0,0.08327447974992608,0.0,0.04618983847679173,0.0,0.0,0.0,0.0,0.04445419981271624,0.00783734845294007,0.009646983288203627,0.0,0.024971127694548116,0.03392493475206232
Iceland,0.0,0.0,0.0,0.022910192872484383,0.0,0.057334636044998326,0.0,0.021218710782243525,0.0,0.11042479219419415,0.0,0.0,0.036378875585538775,0.032060435366685944,0.02968899982098888,0.0,0.0,0.016117581163034356
Ireland,0.0,0.0,0.0,0.016721692727469456,0.0,0.03434707254999333,0.06035594223547988,0.015609629830632523,0.0,0.07083865615481656,0.051725555093387277,0.0,0.024778014873048964,0.02235370267533859,0.019120319881833762,0.0,0.0,0.0007243505138685203
Lithuania,0.0,0.0,0.0,0.044628041033422765,0.0,0.0,0.0,0.03983271674437847,0.0,0.08333333333333333,0.0,0.0,0.0,0.09111182820286605,0.12739641515208916,0.0,0.018614005962134906,0.0007243505138685203
Norway,0.0,0.0,0.0,0.05270336526060024,0.0,0.0,0.0,0.04618983847679173,0.0,0.08333333333333333,0.0,0.0,0.0,0.0,0.0,0.0,0.024971127694548116,0.0007243505138685203
Poland,0.0,0.0,0.0,0.04839490493725691,0.0,0.0,0.0,0.042843360916125055,0.0,0.08333333333333333,0.0,0.0,0.0,0.13277849486953272,0.0,0.0,0.02162465013388147,0.0007243505138685203
Portugal,0.006970579618285733,0.011421801787844169,0.015393230649165835,0.002506291500475385,0.013108135064389306,0.0041056468206193625,0.005319409658214182,0.0023742246566440675,0.018679103171661677,0.0,0.005022309188819839,0.006468223722747898,0.0033433982038832857,0.0031123436362148205,0.0,0.0,0.013108135064389306,0.01581241891923182
Spain,0.029171989488149898,0.09770741533110028,0.0,0.008249165447883974,0.0,0.014516354222398543,0.02004201653278523,0.007772281377692424,0.0,0.0877963270446041,0.018614005962134906,0.026144408662415203,0.011407747890990645,0.010511208793145824,0.006560915556115779,0.0,0.0,0.02216954065164504
UK,0.016063854423760588,0.03010090495950585,0.04892740719993272,0.021239546939970873,0.03696744814202797,0.008862360485220787,0.011787633380962082,0.019715276651251914,0.08628561354325609,0.041666666666666664,0.011055970194726325,0.01472260687457106,0.0330323980248721,0.029324282293624323,0.04111080160883307,0.0,0.04587472141281553,0.0
