,World,EU,Europe,Austria,Denmark,Finland,France,Germany,Greece,Hungary,Iceland,Ireland,Lithuania,Norway,Poland,Portugal,Spain,UK
World,0.0,0.08421525531311858,0.0,0.0,0.0,0.0,0.0,0.0,0.06416992732748823,0.007309724460051031,0.0,0.05978990478049476,0.0,0.0,0.0,0.04718423728590581,0.018069084435237734,0.0
EU,0.001202566671664755,0.0,0.001202566671664755,0.001769029655210084,0.007594332845839172,0.0013072010147019836,0.0060519594886107,0.002507585907014957,0.0010366243431102276,0.0003474772340290603,0.041666666666666664,0.036802341285489766,0.0037668639038341664,0.0,0.002507585907014957,0.09939751700833434,0.04434252045273857,0.0
Europe,0.0,0.08421525531311858,0.0,0.0,0.0,0.0,0.0,0.0,0.06416992732748823,0.007309724460051031,0.0,0.05978990478049476,0.0,0.0,0.0,0.04718423728590581,0.018069084435237734,0.0
Austria,0.036802341285489766,0.053454300047628744,0.036802341285489766,0.0,0.0,0.04368834371054846,0.0,0.0,0.02832222512317421,0.03394939314212899,0.041666666666666664,0.0857297484854225,0.0,0.0,0.0,0.02304505863496772,0.00334647756066667,0.06035594223547988
Denmark,0.006560915556115779,0.041666666666666664,0.006560915556115779,0.01011698744844855,0.0,0.007191714552707254,0.08125280270604426,0.015367724616323998,0.005582589218658235,0.004456843463341869,0.041666666666666664,0.0857297484854225,0.02675442739883916,0.0037668639038341664,0.015367724616323998,0.019160094553000013,0.022506572113666693,0.005319409658214182
Finland,0.08572974848542249,0.03146381832062939,0.08572974848542249,0.0,0.0,0.0,0.0,0.0,0.05052363499303836,0.00328245072763809,0.0,0.04614361244604488,0.0,0.0,0.0,0.03910891305872831,0.012322287190429522,0.0
France,0.008064349687107359,0.041666666666666664,0.008064349687107359,0.012624573355463506,0.0,0.008862360485220787,0.0,0.01967618493966731,0.006835291282489875,0.033949393142129,0.041666666666666664,0.0857297484854225,0.03696744814202797,0.008075324227177497,0.01967618493966731,0.019160094553000013,0.03010090495950585,0.007324639669691325
Germany,0.02667835564924235,0.046986076324880846,0.02667835564924235,0.05868529630296633,0.0,0.03058020864615915,0.0,0.0,0.021351645504888463,0.03394939314212899,0.041666666666666664,0.0857297484854225,0.0,0.0,0.0,0.019160094553000013,0.00334647756066667,0.0364966291578412
Greece,0.0,0.1594160985305521,0.0,0.0,0.0,0.0,0.0,0.0,0.0,0.0009753290705534962,0.0,0.036802341285489766,0.0,0.0,0.0,0.07607636120075628,0.0345236970602937,0.0
Hungary,0.0051291290757022375,0.0,0.0051291290757022375,0.007802690661116552,0.0,0.0056090809516110025,0.0,0.01160086071248982,0.004380022546993472,0.0,0.0,0.001202566671664755,0.03696744814202797,0.019160094553000013,0.01160086071248982,0.0037668639038341664,0.03010090495950585,0.007324639669691324
Iceland,0.019120319881833762,0.0016706459325135205,0.019120319881833762,0.03482598322532767,0.007594332845839172,0.021486933840684296,0.0060519594886107,0.002507585907014957,0.015697651767710638,0.03394939314212899,0.0,0.12739641515208916,0.0037668639038341664,0.0,0.002507585907014957,0.02675442739883916,0.007113341464500853,0.027155357997286075
Ireland,0.016971622957894974,0.0016706459325135205,0.016971622957894974,0.029793172388115855,0.017807353589027977,0.01897934793366934,0.013646292334449858,0.005243738980076583,0.0140270058351971,0.03394939314212899,0.0,0.0,0.008075324227177497,0.0,0.005243738980076583,0.03696744814202797,0.011421801787844169,0.027155357997286075
Lithuania,0.013086658875927247,0.041666666666666664,0.013086658875927247,0.02171784816093836,0.0,0.014516354222398543,0.0,0.038355288111328996,0.010940938103109239,0.03394939314212899,0.041666666666666664,0.0857297484854225,0.0,0.02675442739883916,0.038355288111328996,0.019160094553000013,0.00334647756066667,0.014295219287977026
Norway,0.021434616669165768,0.04333731259918019,0.021434616669165768,0.040877942713938374,0.0,0.024223086913745938,0.0,0.0,0.017466681422920738,0.03394939314212899,0.041666666666666664,0.0857297484854225,0.0,0.0,0.0,0.019160094553000013,0.00334647756066667,0.027155357997286075
Poland,0.021434616669165768,0.04333731259918019,0.021434616669165768,0.040877942713938374,0.0,0.024223086913745938,0.0,0.0,0.017466681422920738,0.03394939314212899,0.041666666666666664,0.0857297484854225,0.0,0.0,0.0,0.019160094553000013,0.00334647756066667,0.027155357997286075
Portugal,0.006560915556115779,0.0,0.006560915556115779,0.010116987448448548,0.0,0.007191714552707254,0.08125280270604426,0.015367724616323998,0.005582589218658235,0.0003474772340290603,0.041666666666666664,0.013086658875927247,0.026754427398839164,0.0037668639038341664,0.015367724616323998,0.0,0.08513743753677154,0.005319409658214182
Spain,0.013086658875927245,0.0,0.013086658875927245,0.02171784816093836,0.0,0.030243177184137472,0.0,0.03835528811132899,0.010940938103109239,0.04616807083611162,0.041666666666666664,0.019120319881833762,0.0,0.026754427398839164,0.03835528811132899,0.0,0.0,0.014295219287977026
UK,0.0521955719346556,0.06170868319945189,0.0521955719346556,0.0,0.0,0.06754765678818714,0.0,0.0,0.037415499928649065,0.03394939314212899,0.041666666666666664,0.0857297484854225,0.0,0.0,0.0,0.030015638253253436,0.005351707572143775,0.0
