,World,EU,Europe,Austria,Denmark,Finland,France,Germany,Greece,Hungary,Iceland,Ireland,Lithuania,Norway,Poland,Portugal,Spain,UK
World,0.0,0.15777962520386785,0.1251732501715853,0.0037263969964602362,0.004557951024276538,0.022813316726312018,0.06904494676247938,0.0033224982470908718,0.0,0.004557951024276538,0.030741349745878315,0.0,0.0031517287476641935,0.004557951024276538,0.0035128601746964375,0.018186233452624316,0.0,0.0
EU,0.0,0.0,0.07698894152285324,0.007968705356033924,0.009913258918822849,0.022813316726312018,0.0,0.0070488952435511015,0.0,0.009913258918822849,0.022985435350127682,0.0,0.00666458892236065,0.009913258918822849,0.007480483066918801,0.07680086115823004,0.0,0.00824713963626638
Europe,0.0,0.06904494676247938,0.0,0.005774291476266661,0.00711888982293011,0.0,0.0,0.005129166831135154,0.0,0.00711888982293011,0.007264689155234915,0.0,0.004857920338316329,0.00711888982293011,0.005432588587112355,0.03424766966886834,0.0,0.0038470099443412777
Austria,0.006160550636351198,0.003688401249974614,0.004315699297708908,0.0,0.0,0.049913061608399416,0.01709490797923432,0.07931785409189619,0.0,0.0,0.0,0.0,0.06479183996687768,0.0,0.12025473892481921,0.0031517287476641944,0.019010048642180328,0.0
Denmark,0.0023180283382763255,0.0,0.0010233775357789056,0.05993391962856136,0.0,0.03028692328493839,0.011965741148099163,0.045070184423027876,0.0,0.0,0.0,0.0,0.040424881930140336,0.0,0.051209792162339826,0.0,0.011291203603124756,0.0
Finland,0.00901853784239453,0.009416824349492217,0.008004100547683477,0.0,0.0,0.0,0.023256944751223925,0.0,0.0,0.012987959349542728,0.016804710766014617,0.0,0.0,0.0,0.0034176792108936197,0.012826625694350254,0.045070184423027876,0.0
France,0.04944341977253485,0.11221133903203181,0.03581727272010129,0.005774291476266661,0.00711888982293011,0.022813316726312018,0.0,0.005129166831135154,0.0,0.03691155993848745,0.030741349745878315,0.0,0.004857920338316329,0.00711888982293011,0.028418023937240043,0.11510094585199004,0.0,0.0038470099443412777
Germany,0.00901853784239453,0.006419152235716695,0.006724745248451097,0.0,0.0,0.0677002228554455,0.02106253087145667,0.0,0.0,0.0,0.0,0.0,0.12340646767248341,0.0,0.0,0.00666458892236065,0.025502428283793826,0.0
Greece,0.0,0.0,0.0,0.03556696159182401,0.0541596281522947,0.015449188422952662,0.010430319056873671,0.029349438228135134,0.0,0.0541596281522947,0.0,0.04996841586376108,0.027037850375019334,0.0541596281522947,0.0321332612636215,0.0,0.005129166831135154,0.0
Hungary,0.0023180283382763255,0.13128786993075017,0.05880270807022893,0.05993391962856136,0.0,9.518096380276194e-05,0.0015354220912254923,0.045070184423027876,0.0,0.0,0.030741349745878315,0.0,0.040424881930140336,0.0,0.051209792162339826,0.0,0.011291203603124756,0.0
Iceland,0.0023180283382763255,0.02890080122385993,0.060696685421582346,0.0260269399810443,0.035973394699670404,0.020007139447229153,0.02964348402078188,0.022084749072900225,0.0,0.04053134572394695,0.0,0.09252160735312279,0.02054547073340583,0.035973394699670404,0.02388612162735512,0.02133796220028851,0.045070184423027876,0.013387031555120995
Ireland,0.0011371355841278098,0.0,0.0,0.04950360057168769,0.11277425585790044,0.024931615390392046,0.010430319056873671,0.038889459838914814,0.0,0.11277425585790044,0.0,0.0,0.03528499001128572,0.11277425585790044,0.043453877766589176,0.0,0.009096789723357509,0.0
Lithuania,0.010553959933620011,0.007881402258266753,0.008004100547683477,0.0,0.0,0.07902083935841313,0.023256944751223925,0.0,0.0,0.0,0.0,0.0,0.0,0.0,0.0,0.008584317334776539,0.029349438228135134,0.0
Norway,0.0023180283382763255,0.0,0.0010233775357789056,0.05993391962856136,0.0,0.03028692328493839,0.011965741148099163,0.045070184423027876,0.0,0.0,0.0,0.0,0.040424881930140336,0.0,0.051209792162339826,0.0,0.011291203603124756,0.0
Poland,0.04430352785368022,0.048306284188407066,0.03581727272010129,0.0,0.0,0.00886939163326139,0.008584317334776539,0.12187104558125789,0.0,0.11277425585790044,0.030741349745878315,0.0,0.08085327618312171,0.0,0.0,0.00485792033831633,0.022084749072900225,0.0
Portugal,0.06338005875239854,0.05448700877252013,0.04308196187533618,0.010332242500543203,0.012987959349542728,0.022813316726312018,0.0,0.009096789723357509,0.0,0.05671726844496376,0.030741349745878315,0.0,0.008584317334776539,0.012987959349542728,0.05084656574943804,0.0,0.0,0.013387031555120997
Spain,0.02676963947990759,0.023071565097126268,0.020781418890752152,0.0,0.0,0.022813316726312018,0.050855200987014015,0.0,0.0,0.00711888982293011,0.030741349745878315,0.0,0.0,0.0,0.0,0.03088486031936063,0.0,0.0
UK,0.0,0.0,0.0,0.030427069672969393,0.04372930909542104,0.011206880063378966,0.010430319056873671,0.025502428283793826,0.08298158574234309,0.04372930909542104,0.0,0.033906979647517065,0.023620171164125712,0.04372930909542104,0.027733131571696414,0.0,0.0033224982470908718,0.0
