,World,EU,Europe,Austria,Denmark,Finland,France,Germany,Greece,Hungary,Iceland,Ireland,Lithuania,Norway,Poland,Portugal,Spain,UK
World,0.0,0.0,0.0,0.012860138709309044,0.023031794949867766,0.031058378196235806,0.04111080160883307,0.0,0.008472527279585463,0.0013666593255038462,0.004519388466208113,0.0,0.0,0.037958632107260144,0.0,0.04974030319915918,0.019715276651251914,0.017809951405954847
EU,0.0364966291578412,0.0,0.0,0.012860138709309044,0.01370760582413886,0.017466681422920738,0.021434616669165768,0.0,0.0010736621226543777,0.0,0.00021092814286479618,0.0,0.0,0.02027661070360415,0.0,0.024223086913745938,0.011998070273365712,0.010974660123464975
Europe,0.0364966291578412,0.0,0.0,0.012860138709309044,0.01370760582413886,0.017466681422920738,0.021434616669165768,0.0,0.0010736621226543777,0.0,0.00021092814286479618,0.0,0.0,0.02027661070360415,0.0,0.024223086913745938,0.011998070273365712,0.010974660123464975
Austria,0.017031372361038688,0.03076095526548982,0.03076095526548982,0.0,0.03662349172318285,0.009509151622695689,0.011317629220717213,0.04332456987444122,0.04014573948937295,0.03303987153529134,0.0,0.0,0.035847702204314054,0.01080327410997401,0.0,0.01251112421092146,0.030125984053031112,0.02667231189117568
Denmark,0.0,0.0,0.0,0.012860138709309044,0.0,0.0,0.0,0.0,0.05553897013853877,0.04843310218445717,0.00021092814286479618,0.0,0.0,0.0,0.0,0.0,0.07294426587563092,0.05646548427929154
Finland,0.0,0.0,0.0,0.06374274435115883,0.056088748519985396,0.0,0.0,0.0,0.030021753853125527,0.02291588589904392,0.00021092814286479618,0.0,0.0,0.0,0.0,0.0,0.042843360916125055,0.03678929933962423
France,0.0,0.0,0.0,0.03485062043630835,0.03963413589492941,0.06416992732748823,0.0,0.0,0.0203150211617782,0.013209153207696554,0.00021092814286479618,0.0,0.0,0.12855270597385954,0.0,0.0,0.03227468097696989,0.028441341546385723
Germany,0.027155357997286075,0.06429513181625672,0.06429513181625672,0.012860138709309044,0.011147702745605254,0.0140270058351971,0.016971622957894974,0.0,0.0,0.0,0.00021092814286479618,0.0,0.10345421257590846,0.016122683768188244,0.0,0.01897934793366934,0.009810962891252828,0.009002881614071178
Greece,0.0016706459325135205,0.002507585907014957,0.002507585907014957,0.01716859903265236,0.0008588639226486025,0.0010366243431102276,0.001202566671664755,0.0030106441717465764,0.0,0.005032810837211816,0.012648439432659338,0.0060519594886107,0.0027361530730616412,0.0011562908217703691,0.005032810837211816,0.0013072010147019836,0.0007707548978202052,0.08535760819414207
Hungary,0.014295219287977026,0.024708995776879128,0.024708995776879128,0.10345421257590846,0.006601737870057246,0.008142492297191849,0.009646983288203627,0.033111549131252416,0.0,0.0,0.02446099942179887,0.0,0.028253369358474882,0.009220640508877796,0.0,0.010631390140430836,0.005863152521621802,0.048390160052114044
Iceland,0.014295219287977026,0.024708995776879128,0.024708995776879128,0.05024385108547419,0.023031794949867766,0.031058378196235806,0.009646983288203627,0.033111549131252416,0.0203150211617782,0.013209153207696554,0.0,0.0,0.028253369358474882,0.037958632107260144,0.0,0.010631390140430836,0.019715276651251914,0.017809951405954847
Ireland,0.011787633380962082,0.01967618493966731,0.01967618493966731,0.022201409869864182,0.005565113526947032,0.006835291282489875,0.008064349687107357,0.02551721628541325,0.0,0.08628561354325609,0.0418775948095315,0.0,0.022201409869864182,0.007717206377886195,0.08628561354325609,0.008862360485220787,0.004952220753838204,0.004574546231966456
Lithuania,0.03146381832062939,0.10596179848292338,0.10596179848292338,0.012860138709309044,0.012400404809436884,0.015697651767710638,0.019120319881833762,0.0,0.0,0.0,0.00021092814286479618,0.0,0.0,0.018127913779665373,0.0,0.021486933840684296,0.010884625013907245,0.009972602953014742
Norway,0.0,0.0,0.0,0.04593539076213088,0.046747477359430266,0.09010977103241599,0.0,0.0,0.024778014873048964,0.01767214691896736,0.00021092814286479618,0.0,0.0,0.0,0.0,0.0,0.03709656367131686,0.03232630562835344
Poland,0.014295219287977026,0.024708995776879128,0.024708995776879128,0.028253369358474882,0.006601737870057246,0.008142492297191849,0.009646983288203627,0.033111549131252416,0.0,0.0,0.00021092814286479618,0.0,0.028253369358474882,0.009220640508877796,0.0,0.010631390140430836,0.005863152521621802,0.005409546596517926
Portugal,0.0,0.0,0.0,0.026775296209130856,0.03388733865012122,0.05052363499303836,0.0857297484854225,0.0,0.016430057079810493,0.009324189125728846,0.04913833534279752,0.0,0.0,0.07115921634545394,0.0,0.0,0.028120754041553994,0.02500166595866212
Spain,0.0,0.0,0.0,0.012860138709309044,0.0,0.0,0.0,0.0,0.13073981335597232,0.12363394540189072,0.012648439432659342,0.0,0.0,0.0,0.0,0.0,0.0,0.08535760819414207
UK,0.0,0.0,0.0,0.012860138709309044,0.0,0.0,0.0,0.0,0.0,0.0,0.0,0.0,0.0,0.0,0.0,0.0,0.0,0.0
