,World,EU,Europe,Austria,Denmark,Finland,France,Germany,Greece,Hungary,Iceland,Ireland,Lithuania,Norway,Poland,Portugal,Spain,UK
World,0.0,0.007594332845839172,0.0,0.05602743503029633,0.028253369358474882,0.0,0.008142492297191849,0.038355288111328996,0.010115062549052431,0.014295219287977026,0.0,0.012559404325717958,0.0,0.0,0.033111549131252416,0.0,0.015393230649165835,0.09059407386659939
EU,0.028892123914850493,0.0,0.07520084321743356,0.011203923196219453,0.012860138709309044,0.039586136039377606,0.012444372234100871,0.0,0.031832910709990815,0.007324639669691324,0.0,0.02568583787281148,0.07520084321743356,0.0,0.014432445959590727,0.08355289961964306,0.09059407386659939,0.02298756349500498
Europe,0.044618946876589426,0.007594332845839172,0.0,0.05602743503029633,0.01716859903265236,0.08125280270604426,0.005582589218658235,0.038355288111328996,0.006861783015442668,0.009473336593630087,0.0,0.008405477390302028,0.0,0.0,0.01946525679680254,0.044618946876589426,0.015393230649165835,0.033200584238193796
Austria,0.028892123914850493,0.004756713664601407,0.07520084321743356,0.0,0.012860138709309044,0.039586136039377606,0.019346415493411335,0.008254383151823148,0.050993005262990825,0.04254858864645191,0.028253369358474882,0.03454988605271726,0.0815579649498468,0.033200584238193796,0.014432445959590727,0.028892123914850493,0.09424283759230001,0.02298756349500498
Denmark,0.0,0.0,0.0,0.01767214691896736,0.0,0.0,0.02832222512317421,0.002507585907014957,0.010115062549052431,0.03146381832062939,0.0027361530730616412,0.07916883292930668,0.0,0.0,0.0,0.0014317864804135405,0.0,0.0
Finland,0.08628561354325609,0.007594332845839172,0.0,0.05602743503029633,0.022201409869864182,0.0,0.006835291282489875,0.038355288111328996,0.008444416616538887,0.011787633380962082,0.0,0.010410707401779188,0.0,0.0,0.02551721628541325,0.08628561354325609,0.015393230649165835,0.04892740719993272
France,0.0,0.012559404325717958,0.0,0.0027984458059173924,0.024708995776879128,0.0,0.0,0.03835528811132899,0.0,0.0,0.0,0.0,0.043324569874441214,0.0,0.0,0.011842493882192768,0.015360726428525123,0.0
Germany,0.028892123914850493,0.030241425729373942,0.07520084321743356,0.0,0.02822786332563304,0.039586136039377606,0.012444372234100871,0.0,0.050993005262990825,0.007324639669691324,0.0,0.006525743319811468,0.07520084321743356,0.0,0.014432445959590727,0.047705197415329005,0.12542005709192705,0.02298756349500498
Greece,0.0,0.010410707401779188,0.0,0.0,0.00574679724480821,0.0,0.010940938103109239,0.01967618493966731,0.0,0.03146381832062939,0.028253369358474882,0.026474561825539773,0.01946525679680254,0.004308460323343317,0.059051392836180154,0.004517854212501464,0.01011698744844855,0.0
Hungary,0.0,0.014120076165650641,0.0,0.05602743503029633,0.0,0.0,0.031058378196235806,0.04995614882381881,0.031832910709990815,0.0,0.035847702204314054,0.07916883292930667,0.010123985636247406,0.04892740719993273,0.0,0.0014317864804135405,0.021047224386343606,0.0
Iceland,0.0,0.022468033958889126,0.0,0.05602743503029633,0.0,0.0,0.045490824155826545,0.06911624337681882,0.031832910709990815,0.0,0.0,0.0,0.033111549131252416,0.0,0.0,0.007957529800225053,0.03075395707769096,0.0
Ireland,0.0,0.010410707401779188,0.0,0.022915885899043927,0.0,0.0,0.07438294807067705,0.024919923919743885,0.013763826274753081,0.0,0.0617875459092418,0.0,0.01946525679680254,0.0,0.0,0.0045178542125014634,0.010116987448448548,0.0
Lithuania,0.044618946876589426,0.004756713664601406,0.0,0.011203923196219453,0.02542298218447551,0.08125280270604426,0.0140270058351971,0.10596179848292338,0.031832910709990815,0.009473336593630087,0.0,0.03515990478914119,0.0,0.0,0.01946525679680254,0.08563343024693212,0.00565399373717777,0.033200584238193796
Norway,0.01108477032582252,0.0439448839525461,0.017807353589027974,0.08196727873522407,0.00574679724480821,0.013646292334449858,0.031058378196235806,0.08397131675592402,0.0399082349371683,0.003439675587723595,0.0617875459092418,0.0030860677320878552,0.03727261038583051,0.0,0.006357121732413223,0.015602624538323987,0.043317571686642346,0.009341271160555125
Poland,0.0,0.007594332845839172,0.0,0.05602743503029633,0.10345421257590846,0.0,0.0140270058351971,0.038355288111328996,0.031832910709990815,0.027155357997286075,0.0,0.023128084264873092,0.0,0.0,0.0,0.0,0.015393230649165835,0.0
Portugal,0.0,0.0,0.0,0.020179732825982292,0.028253369358474882,0.0,0.017466681422920738,0.002507585907014957,0.028486433149324166,0.014295219287977026,0.0,0.10692034209615152,0.0,0.0,0.033111549131252416,0.0,0.0,0.09059407386659939
Spain,0.044618946876589426,0.07916883292930667,0.0,0.007555159470518806,0.08146373084890908,0.08125280270604426,0.0140270058351971,0.0,0.044941045774380114,0.009473336593630087,0.0,0.016480801617479526,0.0,0.0,0.01946525679680254,0.08563343024693212,0.0,0.033200584238193796
UK,0.0,0.007594332845839172,0.0,0.05602743503029633,0.035847702204314054,0.0,0.009509151622695689,0.038355288111328996,0.01188409220426253,0.017031372361038688,0.0,0.014873701113049956,0.0,0.0,0.04332456987444122,0.0,0.015393230649165835,0.0
