,World,EU,Europe,Austria,Denmark,Finland,France,Germany,Greece,Hungary,Iceland,Ireland,Lithuania,Norway,Poland,Portugal,Spain,UK
World,0.0,0.0766202913300189,0.07419618921441395,0.03071100982463757,0.005429857574100865,0.011120999298596855,0.009394382168137908,0.0,0.026482819900547433,0.0,0.08387638912927428,0.0,0.034062390316444466,0.03645731855141573,0.04597827119412203,0.011120999298596855,0.010060114862859746,0.007471535458046247
EU,0.008303352142715667,0.0,0.07037229593716149,0.06658459023110837,0.021438289361699003,0.0023767647468496207,0.0,0.012130037630622101,0.057617906924550294,0.019676801319099633,0.007178065979713331,0.01582875874580265,0.00669664694014963,0.0805710651003764,0.10339638370813482,0.05272728910625907,0.0021824610982190294,0.0
Europe,0.008303352142715667,0.0,0.0,0.07376265621082172,0.024330093391574374,0.0023767647468496207,0.0,0.012130037630622101,0.06272617114215756,0.021952270722240666,0.007178065979713331,0.01582875874580265,0.00669664694014963,0.09042419427888532,0.11324951288664376,0.059905355085972396,0.0021824610982190294,0.0
Austria,0.08052806565919945,0.004762976786178725,0.002487507383037682,0.0,0.027573438925530477,0.009450124569271854,0.0067182540154743,0.0,0.062224822687718714,0.1041360270798084,0.046839352092237246,0.0,0.028411615443188244,0.0,0.0,0.06004236158949968,0.008575096256181,0.015054622863636137
Denmark,0.0,0.014016938921093547,0.015708575039082098,0.017882168971668035,0.0,0.0,0.0,0.0,0.022653077390908927,0.04684743578720022,0.0,0.0,0.0,0.01672273200042534,0.019221911230116857,0.01481337879674428,0.0,0.03518461945771474
Finland,0.0,0.14276439734309024,0.120174460408536,0.05108068617934328,0.021438289361699003,0.0,0.0,0.0,0.04347865979551078,0.009276686959997192,0.0,0.0,0.037037037037037035,0.06126296149004096,0.07316067887959683,0.040753544042335464,0.07620422087593111,0.0
France,0.0,0.09927336872092783,0.09341810044453082,0.03899917793639655,0.014269978528714634,0.03883408329826529,0.0,0.0,0.03365113073353175,0.003823426736224891,0.0,0.0,0.06781498074239631,0.04698397978003153,0.0588816971695874,0.02867203579938874,0.03271319225376868,0.03518461945771474
Germany,0.04349102862216241,0.07513527272334021,0.07285980332019917,0.009253962134914834,0.003965477504921543,0.007877653764640698,0.004286117950530628,0.0,0.011221842982634227,0.04349102862216241,0.03285995390402487,0.0,0.02330335122558099,0.03645731855141573,0.04597827119412203,0.007877653764640698,0.007168310832984317,0.004228189924090139
Greece,0.08052806565919945,0.008991166710268828,0.006715697307127828,0.0,0.03332297112352865,0.009450124569271854,0.0067182540154743,0.0,0.0,0.10988555927780654,0.046839352092237246,0.0,0.028411615443188244,0.0,0.0,0.06004236158949968,0.008575096256181,0.021250693635445666
Hungary,0.0,0.04681213439600387,0.04438803228039893,0.02055829712433164,0.005429857574100865,0.011120999298596855,0.009394382168137908,0.0,0.01633010720024151,0.0,0.08387638912927428,0.0,0.034062390316444466,0.024805642938625236,0.029374623930422762,0.016870531496594968,0.010060114862859746,0.007471535458046247
Iceland,0.0,0.07819276213465008,0.0756029746376106,0.03071100982463757,0.006193292172010727,0.012903425975465371,0.012369028888730501,0.0,0.026482819900547433,0.0,0.0,0.0,0.040385360507111875,0.03645731855141573,0.04597827119412203,0.012903425975465371,0.011632585667490885,0.009253962134914834
Ireland,0.029511630433950043,0.07513527272334021,0.07285980332019917,0.007471535458046247,0.0032623285755449716,0.006392635157962003,0.002057152699850651,0.0722247135164838,0.008992877731954266,0.029511630433950043,0.02378171324341259,0.0,0.018642249909957328,0.007073359822422266,0.04597827119412203,0.006392635157962003,0.005831924938769582,0.0027431713174114274
Lithuania,0.0,0.12878499915487787,0.11342394232334564,0.04864855011439961,0.02010190346748421,0.0011619564575128744,0.002057152699850651,0.0,0.04156870697423186,0.008286957840478566,0.0,0.0,0.0,0.05828831476944836,0.07018603215900425,0.03832140797739181,0.06222482268771872,0.00133638589421478
Norway,0.04349102862216241,0.0022754694031410323,0.0,0.1802691362943977,0.025902564196205537,0.007877653764640698,0.004286117950530628,0.0,0.14957720699202445,0.0638556445088152,0.03285995390402487,0.0,0.02330335122558099,0.0,0.0,0.12000003097183409,0.007168310832984317,0.010028850652811443
Poland,0.02043338977333776,0.0022754694031410323,0.0,0.12925270106914827,0.029355865602399056,0.004985849734765335,0.0,0.03518767647944676,0.09856077176677505,0.04079800565999055,0.017031195158222233,0.06684519397105207,0.014356131959426663,0.0716449950308625,0.0,0.10786999334121199,0.004559225845068657,0.007137046622936085
Portugal,0.0,0.009491340926813554,0.00671569730712782,0.0,0.02284507478489566,0.01481337879674428,0.015717352358805326,0.0,0.062224822687718714,0.023607961420608944,0.0,0.0,0.04756342648682518,0.0,0.0011619564575128744,0.0,0.013303460396815864,0.020417877091108573
Spain,0.0,0.07513527272334021,0.14323209925736066,0.05673146105259946,0.024330093391574374,0.0,0.0,0.0,0.04776477774604139,0.011373449176383967,0.0,0.0,0.0,0.06844102746975428,0.08033874485931017,0.04640431891559166,0.0,0.0
UK,0.0,0.10757672086364346,0.08498678392908926,0.03825184532637374,0.021438289361699003,0.0,0.0,0.0,0.03064981894254123,0.03158645886928703,0.0,0.0,0.037037037037037035,0.04663663915665786,0.05272728910625909,0.03135916187419753,0.07620422087593111,0.0
