,World,EU,Europe,Austria,Denmark,Finland,France,Germany,Greece,Hungary,Iceland,Ireland,Lithuania,Norway,Poland,Portugal,Spain,UK
World,0.0,0.08517023741961574,0.0,0.0,0.0,0.0,0.0,0.0,0.06198670298172025,1.6713533109334693e-05,0.027129678951517903,0.023607961420608944,0.0,0.0,0.0,0.05108068617934328,0.032357657446648425,0.0
EU,0.00671499353604628,0.0,0.00671499353604628,0.009450124569271854,0.02943248811666881,0.013560741121504623,0.02511410609642212,0.01270686158931291,0.005868211440050885,1.6713533109334693e-05,0.012635912201772518,0.0273003409187564,0.017627305180084235,0.00619607077180954,0.01270686158931291,0.12017446040853601,0.06999080450554752,0.006099362680393482
Europe,0.0,0.08517023741961574,0.0,0.0,0.0,0.0,0.0,0.0,0.06198670298172025,1.6713533109334693e-05,0.027129678951517903,0.023607961420608944,0.0,0.0,0.0,0.05108068617934328,0.032357657446648425,0.0
Austria,0.038359237637224,0.057827166072513696,0.038359237637224,0.0,0.0,0.044909897771589664,0.0,0.0,0.03012207880010775,0.005326526092286511,0.05447275029862,0.04301769327756172,0.0,0.0,0.0,0.02962363848962053,0.016027550246406872,0.061155874535127816
Denmark,0.011477970322224978,0.039843121630290565,0.011477970322224978,0.016870531496594968,0.0,0.012468449631286311,0.09195930006747419,0.024138095997587622,0.009909069107204672,0.011926395127368894,0.05447275029862,0.04301769327756172,0.03806069495342201,0.017627305180084235,0.024138095997587622,0.017882168971668035,0.01915486806536902,0.012234512244224961
Finland,0.08185026625938642,0.05488371846776905,0.08185026625938642,0.0,0.0,0.0,0.0,0.0,0.04985666535109813,0.00015079986260501437,0.023162573430388328,0.02036461588665278,0.0,0.0,0.0,0.03527441336287673,0.025466966552172583,0.0
France,0.012814356216439704,0.039843121630290565,0.012814356216439704,0.01909949674727493,0.0,0.013953468237965012,0.0,0.027967838507226127,0.011022582052832788,0.010735301161593849,0.05447275029862,0.04301769327756172,0.04713893561403427,0.02145704768972273,0.027967838507226127,0.017882168971668035,0.02183099621803263,0.01401693892109355
Germany,0.029360139293892973,0.05207763387451553,0.029360139293892973,0.06004236158949968,0.0,0.033258222158799165,0.0,0.0,0.023926008028298217,0.008622628964506695,0.05447275029862,0.04301769327756172,0.0,0.0,0.0,0.024597866278795864,0.013135746216531508,0.039947596243893435
Greece,0.0,0.1520154313906678,0.0,0.0,0.0,0.0029746467205925956,0.0,0.0,0.0,0.0008315245270653902,0.019709272024194785,0.017472811856777418,0.0,0.0,0.0,0.07676257410365482,0.046983979780031514,0.0
Hungary,0.0036285022001408284,0.006545403463047262,0.0036285022001408284,0.004985849734765335,0.0,0.0068680000956979044,0.0,0.006510790817503401,0.0031940755711583673,0.0,0.026467782866528435,0.0219304358141457,0.04713893561403427,0.008628206836753222,0.006510790817503401,0.00133638589421478,0.04858735618203784,0.004762976786178725
Iceland,0.012814356216439704,0.008991166710268828,0.012814356216439704,0.019099496747274926,0.02943248811666881,0.013953468237965012,0.02511410609642212,0.01270686158931291,0.011022582052832788,0.0245724207486577,0.0,0.12354575893676119,0.017627305180084235,0.00619607077180954,0.01270686158931291,0.05113855036558926,0.028153966408700052,0.017984044442223127
Ireland,0.011477970322224978,0.008991166710268828,0.011477970322224978,0.016870531496594968,0.03851072877728108,0.012468449631286311,0.0318646241816125,0.015138997654256614,0.009909069107204672,0.030580716287580027,0.0,0.0,0.02145704768972273,0.008628206836753223,0.015138997654256614,0.06021679102620152,0.03198370891833856,0.01592689174237246
Lithuania,0.017278631050946267,0.04333339932276831,0.017278631050946267,0.0271824076854748,0.0,0.018979240448789746,0.0,0.044571485770925394,0.014672045893383364,0.010735301161593852,0.07107639756231927,0.05514773090818382,0.0,0.03806069495342201,0.044571485770925394,0.017882168971668035,0.010526661228615793,0.020213009692903086
Norway,0.024699037978269327,0.0488342883405594,0.024699037978269327,0.04421360284369705,0.0,0.027607447285542937,0.0,0.0,0.02047270662210468,0.010735301161593852,0.05447275029862,0.04301769327756172,0.0,0.0,0.0,0.021706062248920445,0.010526661228615793,0.031644244101177776
Poland,0.024699037978269327,0.0488342883405594,0.024699037978269327,0.04421360284369705,0.0,0.027607447285542937,0.0,0.0,0.02047270662210468,0.010735301161593852,0.05447275029862,0.04301769327756172,0.0,0.0,0.0,0.021706062248920445,0.010526661228615793,0.031644244101177776
Portugal,0.011477970322224978,0.0,0.011477970322224978,0.01687053149659497,0.0,0.027094771964669407,0.09195930006747419,0.024138095997587622,0.009909069107204672,0.00015079986260501437,0.015244997189688246,0.013648918579525002,0.03806069495342201,0.017627305180084235,0.024138095997587622,0.0,0.10625295302468796,0.01223451224422496
Spain,0.017278631050946267,0.0034902776924777366,0.017278631050946267,0.0271824076854748,0.0,0.05481384107340722,0.0,0.044571485770925394,0.014672045893383364,0.039796921887557866,0.036312919287894055,0.029602849487399514,0.0,0.03806069495342201,0.044571485770925394,0.0,0.0,0.020213009692903086
UK,0.052042109325371406,0.06516439554080095,0.052042109325371406,0.0,0.0,0.06611817606282405,0.0,0.0,0.038204989738307625,0.002102364835039892,0.040789878610472584,0.034018594934230706,0.0,0.0,0.0,0.03581970926143007,0.021053322457231582,0.0
