,World,EU,Europe,Austria,Denmark,Finland,France,Germany,Greece,Hungary,Iceland,Ireland,Lithuania,Norway,Poland,Portugal,Spain,UK
World,0.0,0.01475763639561034,0.0,0.03446690841980516,0.026881267314999065,0.0,0.010040528264441257,0.025321273910510367,0.011764804599100799,0.020213009692903086,0.044259889930440464,0.016275369911378713,0.01208150824294674,0.10989684035723621,0.04151399635961552,0.0057495321979981326,0.016545783077453247,0.09624541801800479
EU,0.0431718300929047,0.0,0.08952716400253051,0.012635912201772518,0.026881267314999065,0.05492226303043716,0.020180748611988483,0.0034902776924777366,0.02466823057456617,0.014016938921093547,0.010060114862859746,0.045914672050285425,0.2062748339022643,0.015708575039082098,0.024910349095916256,0.10408548750132378,0.10607294707998373,0.0361507421321431
Europe,0.05715122828111708,0.01475763639561034,0.0,0.03446690841980516,0.02055829712433164,0.09195930006747419,0.008228366919054257,0.025321273910510367,0.00958234350088174,0.01592689174237246,0.04101654439648434,0.013032024377422607,0.01208150824294674,0.10989684035723621,0.029383958728993426,0.0330926035451002,0.016545783077453247,0.04522898279275537
Austria,0.0431718300929047,0.011087928926655643,0.08952716400253051,0.0,0.028366285921677756,0.05492226303043716,0.010994894595689563,0.017815125806920205,0.05597840744279779,0.02264514575784676,0.03633594907905633,0.01805779658824729,0.13307777709997531,0.04522898279275537,0.024910349095916256,0.05549813131928603,0.11719394637858059,0.0361507421321431
Denmark,0.0,0.0032102751620149412,0.0,0.028303458225675406,0.0,0.0,0.028098324852688563,0.012234512244224949,0.011764804599100799,0.03547398661081627,0.02873986612126231,0.09345511210050333,0.01985603492845675,0.03541483339609983,0.0,0.0009897291195186493,0.003783550170046311,0.0
Finland,0.09418826531815412,0.01475763639561034,0.0,0.03446690841980516,0.02353294384492424,0.0,0.00911908440389882,0.025321273910510367,0.01065129165347265,0.017984044442223127,0.04258901520111553,0.014604495182053773,0.01208150824294674,0.10989684035723621,0.034763478274425164,0.039843121630290565,0.016545783077453247,0.059208380980967756
France,0.0,0.008196124896780262,0.0,0.006059143173389333,0.01270686158931291,0.0,0.0,0.044571485770925394,0.003936298117426427,0.0,0.003344417555731887,0.011304334989416819,0.056893071965493786,0.006715697307127828,0.0,0.007849468122084128,0.009450124569271854,0.0
Germany,0.0431718300929047,0.03374100631756457,0.08952716400253051,0.00418333298159858,0.0510193633125867,0.05492226303043716,0.020180748611988483,0.0,0.046125278264288874,0.014016938921093547,0.0,0.018571600703183352,0.13377323063282132,0.002487507383037682,0.024910349095916256,0.07222086331971128,0.14490703037824904,0.0361507421321431
Greece,0.0,0.011087928926655643,0.0,0.011651675612790496,0.009253962134914829,0.0,0.006531363491435932,0.017815125806920205,0.0,0.03547398661081627,0.019304753920834097,0.03233677829825668,0.03146910485449811,0.012369028888730501,0.06457163520844018,0.007849468122084128,0.011120999298596855,0.0
Hungary,0.0,0.02741803612689715,0.0,0.03446690841980516,0.007285679335400002,0.0,0.024645023446495024,0.04611104643802316,0.02466823057456617,0.0,0.08410301156073102,0.056118491541669265,0.04920138797070103,0.169105221338204,0.0,0.013599000320082263,0.02944920905291862,0.0
Iceland,0.017489942168593165,0.06159480301822542,0.02268197003147845,0.06122326838381038,0.02592792924535732,0.019734586550990384,0.021587534035185183,0.08989860156025059,0.03894721228457558,0.0075061481035901215,0.0,0.008803834453332448,0.10354087549378474,0.0,0.01208150824294674,0.03688960321739673,0.06075938592115028,0.015717352358805326
Ireland,0.0,0.01611370113748033,0.0,0.019709272024194785,0.006510790817503402,0.0,0.045725630032772795,0.03853147602212615,0.014141569345950403,0.0,0.08519709860788535,0.0,0.05062091589813504,0.029368774698036754,0.0,0.010592639439495559,0.019762335526470356,0.0
Lithuania,0.05715122828111708,0.0032102751620149412,0.0,0.010259147454922908,0.0354393739652724,0.09195930006747419,0.05721778564902553,0.1094291384429658,0.03086430134637569,0.01592689174237246,0.008575096256181,0.037732417601101444,0.0,0.011741469517952494,0.029383958728993426,0.10593484805891405,0.0036494638405505453,0.04522898279275537
Norway,0.01031187618887984,0.04549765986647375,0.012828840852969535,0.049093230753188256,0.017674705773697136,0.011431234408274708,0.021587534035185183,0.06791543475111955,0.03329643741131936,0.004762976786178725,0.11929068804017781,0.0063163270702948195,0.0755312649940513,0.0,0.007420406927323098,0.026654047826373522,0.04624515542701773,0.009394382168137908
Poland,0.0,0.01685439861199711,0.0,0.04164497439951849,0.04731465708833684,0.0,0.014081385931595036,0.028378763321820228,0.02466823057456617,0.031644244101177776,0.052238387379118574,0.02425386736005682,0.015138997654256555,0.11929122252537412,0.0,0.0057495321979981326,0.017707739534966124,0.0
Portugal,0.0,0.0,0.0,0.018136801219563632,0.04056413900314646,0.0,0.018844362717773733,0.008991166710268828,0.022885803897697607,0.020213009692903086,0.020239185428919473,0.11812312024880992,0.0,0.026020451227961903,0.04151399635961552,0.0,0.00140678542319669,0.09624541801800479
Spain,0.05715122828111708,0.077232034939727,0.0,0.010259147454922908,0.09834013444438763,0.09195930006747419,0.021587534035185183,0.0011135129456281239,0.03086430134637569,0.01592689174237246,0.007168310832984317,0.037732417601101444,0.06920159542438116,0.011741469517952494,0.029383958728993426,0.10593484805891405,0.0,0.04522898279275537
UK,0.0,0.01475763639561034,0.0,0.03446690841980516,0.03071100982463757,0.0,0.010994894595689563,0.025321273910510367,0.012926761056613625,0.02264514575784676,0.046042316607309015,0.01805779658824729,0.01208150824294674,0.11195399305708685,0.050592237020227804,0.0057495321979981326,0.016545783077453247,0.0
