,World,EU,Europe,Austria,Denmark,Finland,France,Germany,Greece,Hungary,Iceland,Ireland,Lithuania,Norway,Poland,Portugal,Spain,UK
World,0.0,0.0,0.0,0.017614396084446527,0.0,0.033258222158799165,0.05207763387451555,0.016539924383830684,0.0,0.06048496428756762,0.04639606394191609,0.10868203206789953,0.025072526251667244,0.022885803897697607,0.02073193245713979,0.0,0.0060947203634155785,0.009566194718967205
EU,0.04056413900314646,0.0,0.0,0.0122524353454001,0.0,0.020889193270068655,0.028295920631102943,0.011577622856134487,0.0,0.03876999578452904,0.026390222063101227,0.03645731855141573,0.01665178261288491,0.015414268439651338,0.012814356216439704,0.0,0.005025772210824685,0.00017181255082929694
Europe,0.03071100982463757,0.0629007604791152,0.0,0.010376625153609305,0.09815537083928369,0.017196813771921185,0.02264514575784676,0.009824930847784475,0.0,0.03207334884437934,0.021281957845493957,0.028153966408700052,0.01390861129547348,0.012926761056613625,0.010205271228523978,0.0,0.0430864671642467,0.00017181255082929694
Austria,0.0,0.0,0.0,0.0,0.0,0.0,0.0,0.09167519710717084,0.0,0.05329334367736262,0.0,0.0,0.0,0.0,0.0,0.0,0.0812299930867558,0.010078870039840688
Denmark,0.03518461945771474,0.09993779751615227,0.0,0.0112980690141517,0.0,0.018979240448789746,0.025321273910510367,0.010686905371289876,0.0,0.035316694378335504,0.023714093910437647,0.03198370891833856,0.015244997189688246,0.014141569345950403,0.011477970322224978,0.0,0.005025772210824685,0.00017181255082929694
Finland,0.0,0.0,0.0,0.031265818423677975,0.0,0.0,0.0,0.028774436628055657,0.0,0.03232211824286769,0.0,0.0,0.05447275029862,0.046125278264288874,0.04666258977993967,0.0,0.018329232607640546,0.09641723056883407
France,0.0,0.0,0.0,0.02284507478489566,0.0,0.050289417317021384,0.0,0.021302901170009384,0.0,0.08794012747392023,0.11324125791296816,0.0,0.03446690841980516,0.03086430134637569,0.029360139293892973,0.0,0.010857697149594265,0.024192517052350294
Germany,0.0,0.0,0.0,0.0,0.0,0.0,0.0,0.0,0.0,0.05329334367736262,0.0,0.0,0.0,0.0,0.0,0.0,0.005025772210824685,0.019599822682547136
Greece,0.026881267314999065,0.04892136229090283,0.09624541801800479,0.009485907668764653,0.06111833380224666,0.015525939042596212,0.020213009692903086,0.008989901943671597,0.0,0.029015859433069544,0.01905299259481402,0.024805642938625236,0.012635912201772518,0.011764804599100799,0.008990462939187302,0.0,0.03633594907905633,0.00017181255082929694
Hungary,0.0027431713174114274,0.0036923794981474664,0.004286117950530629,0.006193292172010727,0.003967105521129579,0.05703993540221176,0.0022754694031410323,0.03918507014167741,0.004661101315623629,0.0,0.00218246109821903,0.0026090849879157156,0.03744155514039776,0.007564800317567183,0.00671499353604628,0.007178065979713331,0.03835774651564811,0.049896304719755806
Iceland,0.0,0.0,0.0,0.024330093391574374,0.0,0.05703993540221176,0.0,0.022639287064224124,0.0,0.0977932566524291,0.0,0.0,0.03744155514039776,0.03329643741131936,0.0320362674465566,0.0,0.012194083043809001,0.029572036597782035
Ireland,0.0,0.0,0.0,0.01882920437378329,0.0,0.036606545628873985,0.061155874535127816,0.0176534373294588,0.0,0.06613573916082381,0.053146582027106454,0.0,0.027129678951517903,0.02466823057456617,0.02264188527841869,0.0,0.007208233309043715,0.012540841439559799
Lithuania,0.0,0.0,0.0,0.04363484731240847,0.0,0.0,0.0,0.03918507014167741,0.0,0.0719834043553916,0.0,0.0,0.0,0.08578656437681281,0.11888730329642345,0.0,0.02873986612126233,0.00017181255082929694
Norway,0.0,0.0,0.0,0.050812913292121814,0.0,0.0,0.0,0.04483584501493359,0.0,0.0719834043553916,0.0,0.0,0.0,0.0,0.0,0.0,0.03439064099451853,0.0
Poland,0.0,0.0,0.0,0.04698317078248332,0.0,0.0,0.0,0.04186119829434101,0.0,0.0719834043553916,0.0,0.0,0.0,0.12282360141384986,0.0,0.0,0.03141599427392591,0.00017181255082929694
Portugal,0.015450032906724363,0.02323947436659129,0.029400224046952732,0.006193292172010727,0.025930657322799908,0.009725278313874878,0.012234512244224961,0.005888632730358063,0.03409358943229244,0.018284291714829235,0.011632585667490885,0.014493766749745379,0.008076686356703892,0.007564800317567183,0.0046182313196595,0.0,0.019304753920834097,0.023867097911715797
Spain,0.03518461945771474,0.09993779751615227,0.0,0.0112980690141517,0.0,0.018979240448789746,0.025321273910510367,0.010686905371289876,0.0,0.0353166943783355,0.023714093910437647,0.03198370891833856,0.015244997189688246,0.014141569345950403,0.011477970322224978,0.0,0.0,0.02732039931790932
UK,0.02353294384492424,0.039843121630290565,0.059208380980967756,0.015338926681305504,0.047138935614034275,0.013953468237965012,0.017984044442223127,0.014443162167443896,0.09418826531815412,0.0398444678242227,0.01699583989496334,0.02183099621803263,0.021380146753519767,0.019642458363741445,0.024699037978269327,0.0,0.046042316607309015,0.0
