,World,EU,Europe,Austria,Denmark,Finland,France,Germany,Greece,Hungary,Iceland,Ireland,Lithuania,Norway,Poland,Portugal,Spain,UK
World,0.0,0.0,0.0,0.024640907858723235,0.024645023446495024,0.032554214865051424,0.042188980146862495,0.0,0.01981397818148585,0.0114982408807611,0.019593599020904767,0.0,0.0,0.03919426654133689,0.0,0.050289417317021384,0.021302901170009384,0.019359394426541714
EU,0.039947596243893435,0.0,0.0,0.01481337879674428,0.01635685533473608,0.02047270662210468,0.024699037978269327,0.0,0.013237209153102664,0.004921471852377915,0.0021036568523115926,0.0,0.0,0.02347691418253154,0.0,0.027607447285542937,0.014443162167443896,0.013283579953217434
Europe,0.039947596243893435,0.0,0.0,0.01481337879674428,0.01635685533473608,0.02047270662210468,0.024699037978269327,0.0,0.013237209153102664,0.004921471852377915,0.0021036568523115926,0.0,0.0,0.02347691418253154,0.0,0.027607447285542937,0.014443162167443896,0.013283579953217434
Austria,0.02264514575784676,0.03782096768573503,0.03782096768573503,0.0,0.024645023446495024,0.01339934679968243,0.01570616024631509,0.050592237020227804,0.03446690841980516,0.035685101768331506,0.004652234149990534,0.0,0.04308646716424669,0.015056170543749237,0.0,0.017196813771921185,0.021302901170009384,0.019359394426541714
Denmark,0.0,0.0,0.0,0.01481337879674428,0.0,0.0,0.0,0.0,0.061650816278333326,0.053335078977608495,0.006314603338419876,0.0,0.0,0.0,0.0,0.0,0.06861755825834617,0.05371986809172981
Finland,0.0,0.0,0.0,0.06986989065147858,0.054028982175488474,0.0,0.0,0.0,0.03896884624685487,0.03065310894613006,4.650415246094145e-05,0.0,0.0,0.0,0.0,0.0,0.04186119829434101,0.03622992592313667
France,0.0,0.0,0.0,0.044188002727167046,0.03940265984210538,0.06198670298172025,0.0,0.0,0.03034063941010166,0.022024902109376864,4.650415246094145e-05,0.0,0.0,0.11972233220053635,0.0,0.0,0.03246681612620312,0.028809518995813577
Germany,0.031644244101177776,0.06762912461975006,0.06762912461975006,0.01481337879674428,0.014081385931595036,0.017415217210794805,0.02073193245713979,0.0,0.01136139896131191,0.003967105521129579,4.650415246094145e-05,0.0,0.10318114305010838,0.019784534684384097,0.0,0.022946345969919325,0.012499066716676905,0.011530887944867391
Greece,0.008991166710268828,0.01270686158931291,0.01270686158931291,0.02420776096488222,0.004935751422300271,0.005868211440050885,0.00671499353604628,0.01475763639561034,0.0,0.025930657322799908,0.0023798828926627196,0.02511410609642212,0.013653979047577884,0.0064810742875682165,0.02196355180167033,0.007237770930837197,0.0044633262780702145,0.04654180211201647
Hungary,0.020213009692903086,0.032441448140303294,0.032441448140303294,0.0509641209288874,0.010040528264441257,0.012184538510345653,0.014221141639636363,0.04151399635961552,0.0007858949422168882,0.0,0.028830317717837766,0.0,0.03633594907905633,0.013649385120552577,0.0,0.015525939042596212,0.008989901943671597,0.0322628204020071
Iceland,0.020213009692903086,0.032441448140303294,0.032441448140303294,0.06820870722868808,0.01635685533473608,0.02047270662210468,0.014221141639636363,0.04151399635961552,0.028558212733233095,0.022024902109376864,0.0,0.0,0.03633594907905633,0.02347691418253154,0.0,0.015525939042596212,0.014443162167443896,0.013283579953217434
Ireland,0.017984044442223127,0.027967838507226127,0.027967838507226127,0.019099496747274926,0.00911908440389882,0.011022582052832788,0.012814356216439704,0.034763478274425164,0.007178065979713331,0.047138935614034275,0.037083541189497984,0.0,0.0309564295336246,0.012312999226337832,0.09418826531815412,0.013953468237965012,0.008180184816752848,0.007594589827440956
Lithuania,0.03547398661081627,0.10466616165678708,0.10466616165678708,0.01481337879674428,0.015194898877223187,0.018900235817473503,0.02264188527841869,0.0,0.012282842821854278,0.003967105521129579,4.650415246094145e-05,0.0,0.0,0.021566961361252652,0.0,0.025175311220599295,0.013453433047925293,0.012392862468372758
Norway,0.0,0.0,0.0,0.05404113190567596,0.045725630032772795,0.0850443418305449,0.0,0.0,0.03430774493123124,0.02599200763050644,4.650415246094145e-05,0.0,0.0,0.0,0.0,0.0,0.03675293407673373,0.0322628204020071
Poland,0.020213009692903086,0.032441448140303294,0.032441448140303294,0.021531632812218614,0.010040528264441257,0.012184538510345653,0.014221141639636363,0.04151399635961552,0.007963960921930219,0.003967105521129579,4.650415246094145e-05,0.0,0.03633594907905633,0.013649385120552577,0.0,0.015525939042596212,0.008989901943671597,0.008336812373708997
Portugal,0.0,0.0,0.0,0.03700993674745372,0.034294395624498084,0.04985666535109813,0.08185026625938642,0.0,0.026887338003908117,0.018571600703183352,0.05925488513342869,0.0,0.0,0.06870589697528692,0.0,0.0,0.028774436628055657,0.0257520295845037
Spain,0.0,0.0,0.0,0.011120999298596855,0.0,0.0,0.0,0.0,0.1284960102493854,0.12018027294866054,0.02649560224494035,0.0,0.0,0.0,0.0,0.0,0.0,0.07940175601604134
UK,0.0,0.0,0.0,0.006392635157962003,0.0,0.0,0.0,0.0,0.007178065979713331,0.003967105521129579,0.0,0.0,0.0,0.0,0.0,0.0,0.0,0.0
