,World,EU,Europe,Austria,Denmark,Finland,France,Germany,Greece,Hungary,Iceland,Ireland,Lithuania,Norway,Poland,Portugal,Spain,UK
World,0.0,0.17273512971173163,0.14937145266966362,0.01133082947404208,0.013470521762762222,0.026091695260785516,0.06408756728060797,0.010249928350838232,0.047311407007774975,0.014767234046910384,0.016852988869123946,0.044627395478094974,0.009784097307146274,0.013470521762762222,0.012899275197914868,0.0498444068624293,0.015036082365338838,0.014548396459254872
EU,0.0,0.0,0.07316201838083816,0.0150928765098904,0.018219568386227812,0.020261015691817524,0.0037620470358483613,0.01355446908354824,0.05831169588479775,0.019516280670375984,0.015150588201509826,0.05439005940143385,0.012899275197914868,0.018219568386227812,0.016417733234413923,0.10182341633721173,0.019155971481412574,0.021861897646132597
Europe,0.0,0.08848973463948705,0.0,0.013146886842926983,0.015741542961568218,0.0037306072219014546,0.010607060561048574,0.011852068415934112,0.07650863098560182,0.017038255245716383,0.010602081766352207,0.07327187275016632,0.011297135132818955,0.015741542961568218,0.014601675865528983,0.03371699229123416,0.02993837304463481,0.017959895843859416
Austria,0.014247372675016242,0.008826998317594544,0.008715935652879928,0.0,0.0,0.04341244594546869,0.02926372902605467,0.07764203636415622,0.08251637271202963,0.0012967122841481122,0.0,0.11840586869974852,0.06444608272795828,0.0,0.06444608272795828,0.020391157868194842,0.0664588089543938,0.0
Denmark,0.010839852901251638,0.00555615192610765,0.005796329562111871,0.06117523633647138,0.0,0.032827400140411224,0.024715222590897055,0.047271461374782435,0.12025222176863341,0.0012967122841481122,0.03773584905660377,0.11840586869974852,0.04283764824254967,0.0,0.04283764824254967,0.016299516317250174,0.05961379542919357,0.0
Finland,0.023733685197760743,0.016947632025381205,0.01766784811099275,0.00371832164886282,0.004307967092469199,0.0,0.01895782932380582,0.0034075197737645645,0.03176248712914643,0.016979234237644907,0.05665835845533668,0.029916134060261532,0.003270846391486922,0.004307967092469199,0.0220569095843414,0.01895782932380582,0.05710289717878553,0.0019459896669634317
France,0.049218794977216054,0.13232551744614124,0.03665129321613359,0.013146886842926983,0.015741542961568218,0.005819666356677099,0.0,0.011852068415934112,0.03252223806075555,0.052886735447916305,0.030186670566848685,0.029285479825320048,0.011297135132818955,0.015741542961568218,0.048318668156763146,0.1427768104267449,0.001702400667614111,0.017959895843859416
Germany,0.016781814159620698,0.011248607682309243,0.010852259420519305,0.0,0.0,0.05182139061470738,0.03278218706255373,0.0,0.05902368407360451,0.0012967122841481122,0.0026583130065556348,0.08067001964314476,0.11642509220274072,0.0,0.002136323767639348,0.023506335758963437,0.07221620222148502,0.0
Greece,0.011713871424536254,0.005667317965754664,0.006571283111376857,0.035008784489059606,0.048207386467362064,0.02397092661278445,0.024230679768489683,0.029918922911688073,0.0,0.042626212400561574,0.05651127884997445,0.06032552024475961,0.0279353575632537,0.048207386467362064,0.0279353575632537,0.015470005465364083,0.06339887594597753,0.0
Hungary,0.007428353516647109,0.04383578280665417,0.033924672079457464,0.06117523633647138,0.0,0.0021581388523657786,0.010166826131642175,0.047271461374782435,0.04210676044643924,0.0,0.04664506916593115,0.04026040737755434,0.04283764824254967,0.0,0.05519655450771181,0.005692455756201598,0.03235259848473545,0.0
Iceland,0.010839852901251638,0.0563100375089909,0.09125529207118378,0.031106782686786415,0.041329500116413384,0.047264492957981595,0.028126721975501603,0.026888150781272956,0.07650863098560182,0.03994012175314465,0.0,0.10325969083130057,0.025208736426577553,0.041329500116413384,0.028970783462425913,0.025468408968945953,0.07221620222148502,0.0063129777675040594
Ireland,0.013694647921544125,0.0075785208026735214,0.008300305471591706,0.04504782176527624,0.07170007510578717,0.029712222249642744,0.026765121253094118,0.037232424098565794,0.0,0.05875362697175671,0.04349324232369499,0.0,0.03437762907827333,0.07170007510578717,0.03437762907827333,0.017788408253470066,0.06691733398247661,0.0
Lithuania,0.018143414882028166,0.012545319966457413,0.011986782044366852,0.0,0.0,0.056570437238173,0.034728176729517155,0.0,0.05214579772265585,0.0026583130065556244,0.004091641550944722,0.06642685922496609,0.0,0.0,0.002136323767639348,0.025208736426577553,0.07562770160608959,0.0
Norway,0.010839852901251638,0.00555615192610765,0.005796329562111871,0.06117523633647138,0.0,0.032827400140411224,0.024715222590897055,0.047271461374782435,0.12025222176863341,0.0012967122841481122,0.03773584905660377,0.11840586869974852,0.04283764824254967,0.0,0.04283764824254967,0.016299516317250174,0.05961379542919357,0.0
Poland,0.02684083653777837,0.0282868629280256,0.023317611518408884,0.0,0.0,0.007553726202943996,0.014601675865528985,0.11537788542076001,0.03176248712914643,0.10943592416239094,0.012671267145175738,0.036358405575281166,0.07868924314613694,0.0,0.0,0.011297135132818955,0.03919761200993568,0.0
Portugal,0.06157770124237818,0.05387482008287081,0.04309356473115322,0.017188843411625066,0.020946189522903936,0.0044546459424084205,0.0,0.015370526452433187,0.04458478587109884,0.07045028827441419,0.06271787306211674,0.03979191971587685,0.014601675865528983,0.020946189522903936,0.06820812976380666,0.0,0.00768808731296866,0.026419915008135755
Spain,0.05334228255062738,0.04091813240851561,0.040670149981503236,0.0050799223712703415,0.005910107157565103,0.005669472049927492,0.07655464053378383,0.004645248974220894,0.013611226873039058,0.022948362403281467,0.05021608694031704,0.011764873804154136,0.004454726555745329,0.005910107157565103,0.017596228601398336,0.05805558409329088,0.0,0.004041956568698061
UK,0.006873040028502845,0.0017290223602149104,0.0023347889182134905,0.035008784489059606,0.048207386467362064,0.02131261360622879,0.019635300219626728,0.029918922911688073,0.2139466029694562,0.042626212400561574,0.05651127884997445,0.16448822852632947,0.0279353575632537,0.048207386467362064,0.0279353575632537,0.011654267343029287,0.05254720766063518,0.0
