,World,EU,Europe,Austria,Denmark,Finland,France,Germany,Greece,Hungary,Iceland,Ireland,Lithuania,Norway,Poland,Portugal,Spain,UK
World,0.0,0.0,0.0,0.0,0.0,0.0,0.0,0.0,0.0,0.0,0.0,0.0,0.0,0.0,0.0,0.0,0.0,0.0
EU,0.0,0.0,0.06709057233000701,0.016762282876967568,0.022187233350947164,0.0,0.0,0.0,0.013173467849179308,0.005825310489034682,0.0,0.0,0.0,0.022946589628173194,0.02728112208252022,0.0605433203534688,0.0,0.0
Europe,0.0,0.0,0.0,0.0251887081575006,0.025994638977765234,0.0,0.0,0.0,0.019170125843761772,0.008496513701417581,0.0,0.0,0.0,0.034513306489901044,0.03884783894424806,0.06896974563400184,0.0,0.0
Austria,0.0,0.0,0.0,0.0,0.04484933577975244,0.0,0.0,0.0,0.06123683092483444,0.020187563993124873,0.0,0.0,0.0,0.0,0.0,0.05105468577384284,0.0,0.0
Denmark,0.0,0.0,0.0,0.0,0.0,0.0,0.0,0.0,0.0,0.04746868607564509,0.0,0.0,0.0,0.0,0.0,0.05105468577384284,0.0,0.025783299941091267
Finland,0.0,0.06161884469862278,0.040022909333560695,0.01012876454749291,0.018792506881093435,0.0,0.0,0.0,0.008141938081165099,0.0033638939741458475,0.0,0.0,0.0,0.014520164347640155,0.018854696801987172,0.05390980202399411,0.07764742879795333,0.0
France,0.0,0.010564158924779904,0.008613269375815458,0.0,0.010377533294546602,0.032532750782219504,0.0,0.0,0.0,0.0,0.0,0.0,0.0,0.0,0.002092413925019587,0.05105468577384284,0.026592743024110473,0.025783299941091267
Germany,0.0,0.0,0.0,0.0,0.0,0.0,0.0,0.0,0.0,0.0,0.0,0.0,0.0,0.0,0.0,0.0,0.0,0.0
Greece,0.0,0.0,0.0,0.0,0.058527389759984776,0.0,0.0,0.0,0.0,0.026937014834253117,0.0,0.0,0.0,0.0,0.0,0.05105468577384284,0.0,0.002616611381232999
Hungary,0.0,0.0,0.0,0.0,0.0,0.0,0.0,0.0,0.0,0.0,0.0,0.0,0.0,0.0,0.0,0.016062501546955647,0.0,0.0
Iceland,0.0,0.0,0.0,0.0,0.0008962058323289769,0.002092413925019587,0.0,0.0,0.0,0.0,0.0,0.0,0.0044957846852278095,0.0,0.0,0.0044957846852278095,0.001845943988045305,0.0
Ireland,0.0,0.0,0.0,0.0,0.0,0.0,0.0,0.0,0.0,0.0,0.0,0.0,0.0,0.0,0.0,0.0,0.0,0.0
Lithuania,0.0,0.045208246825503874,0.032098388103119824,0.01012876454749291,0.017223706048754388,0.002092413925019587,0.006315088162028557,0.0,0.008141938081165099,0.0033638939741458475,0.0,0.0,0.0,0.014520164347640155,0.018854696801987172,0.05390980202399411,0.06123683092483444,0.002616611381232999
Norway,0.0,0.0,0.0,0.07174760924611565,0.03821581745027775,0.0,0.0,0.0,0.04265524457106613,0.016380158366306755,0.0,0.0,0.0,0.0,0.0,0.11552864672261691,0.0,0.0
Poland,0.0,0.0,0.0,0.07174760924611565,0.03821581745027775,0.0,0.0,0.0,0.04265524457106613,0.016380158366306755,0.0,0.0,0.0,0.0,0.0,0.11552864672261691,0.0,0.0
Portugal,0.0,0.0,0.0,0.0,0.03821581745027775,0.004334532454347026,0.0,0.0,0.06123683092483444,0.020187563993124873,0.0,0.0,0.009747413384927087,0.0,0.0,0.0,0.0038074056268180673,0.0
Spain,0.0,0.0,0.06709057233000701,0.016762282876967568,0.022187233350947164,0.0,0.0,0.0,0.013173467849179308,0.005825310489034682,0.0,0.0,0.0,0.022946589628173194,0.02728112208252022,0.0605433203534688,0.0,0.0
UK,0.0,0.06161884469862278,0.040022909333560695,0.01012876454749291,0.018792506881093435,0.0,0.0,0.0,0.008141938081165099,0.06695992416781381,0.0,0.0,0.0,0.01452016434764015,0.018854696801987172,0.012602529635078366,0.07764742879795332,0.0
