,World,EU,Europe,Austria,Denmark,Finland,France,Germany,Greece,Hungary,Iceland,Ireland,Lithuania,Norway,Poland,Portugal,Spain,UK
World,0.0,0.04080930058302085,0.0,0.0,0.0,0.0,0.0,0.0,0.0647578861165811,0.021940506013338374,0.0,0.0,0.0,0.0,0.0,0.04377029451126892,0.011028187762596673,0.0
EU,0.0,0.0,0.0,0.0,0.0,0.0,0.0,0.0,0.0,0.0027937755696475406,0.0,0.0,0.0,0.0,0.0,0.09032919559988398,0.034513306489901044,0.0
Europe,0.0,0.04080930058302085,0.0,0.0,0.0,0.0,0.0,0.0,0.0647578861165811,0.021940506013338374,0.0,0.0,0.0,0.0,0.0,0.04377029451126892,0.011028187762596673,0.0
Austria,0.03584042353042782,0.008710912479901028,0.03584042353042782,0.0,0.0,0.042797721777748904,0.0,0.0,0.02735158816425341,0.08820227667522547,0.0,0.0,0.0,0.0,0.0,0.018581586353768324,0.0,0.059390886936789164
Denmark,0.004284153204124553,0.0,0.004284153204124553,0.006749450841128243,0.0,0.004714282656523267,0.07054592386601155,0.010564158924779904,0.0036232724378020466,0.0,0.0,0.0,0.019491238092168704,0.0,0.010564158924779904,0.018581586353768324,0.019491238092168704,0.00196146163877278
Finland,0.08689510930427068,0.02924258372129301,0.08689510930427068,0.0,0.0,0.0,0.0,0.0,0.050518276724111695,0.010921141210873671,0.0,0.0,0.0,0.0,0.0,0.035343869230735896,0.005031529768014216,0.0
France,0.005852954036463655,0.0,0.005852954036463655,0.009366062222361238,0.0,0.006457565368711269,0.0,0.015059943610007719,0.004930439808756757,0.08820227667522547,0.0,0.0,0.030148303215496164,0.0,0.015059943610007719,0.018581586353768324,0.030148303215496167,0.004053875563792392
Germany,0.025276264605647938,0.004053875563792392,0.025276264605647938,0.05742942529801637,0.0,0.02911966779751658,0.0,0.0,0.020077939866911792,0.08820227667522547,0.0,0.0,0.0,0.0,0.0,0.018581586353768324,0.0,0.03449421242099229
Greece,0.0,0.11927974567947326,0.0,0.0,0.0,0.0,0.0,0.0,0.0,0.004762954526179922,0.0,0.0,0.0,0.0,0.0,0.07391859772676508,0.028198218327872483,0.0
Hungary,0.005852954036463655,0.0,0.005852954036463655,0.009366062222361238,0.0,0.006457565368711269,0.0,0.015059943610007719,0.004930439808756757,0.0,0.0,0.0,0.030148303215496164,0.030148303215496167,0.015059943610007719,0.007924521230440877,0.030148303215496167,0.008710912479901028
Iceland,0.01980453697426366,0.0,0.01980453697426366,0.03884783894424806,0.0,0.022486149468041897,0.0,0.0,0.01602406430311943,0.08820227667522547,0.0,0.0,0.0,0.0,0.0,0.018581586353768324,0.0,0.02474679903606519
Ireland,0.01980453697426366,0.0,0.01980453697426366,0.03884783894424806,0.0,0.022486149468041897,0.0,0.0,0.01602406430311943,0.08820227667522547,0.0,0.0,0.0,0.0,0.0,0.018581586353768324,0.0,0.02474679903606519
Lithuania,0.011093624494362611,0.0,0.011093624494362611,0.018854696801987172,0.0,0.012357384920548978,0.0,0.034551181702176435,0.009214593012881368,0.08820227667522547,0.0,0.0,0.0,0.019491238092168704,0.034551181702176435,0.018581586353768324,0.0,0.011327523861134002
Norway,0.01980453697426366,0.0,0.01980453697426366,0.03884783894424806,0.0,0.022486149468041897,0.0,0.0,0.01602406430311943,0.08820227667522547,0.0,0.0,0.0,0.0,0.0,0.018581586353768324,0.0,0.02474679903606519
Poland,0.01980453697426366,0.0,0.01980453697426366,0.03884783894424806,0.0,0.022486149468041897,0.0,0.0,0.01602406430311943,0.08820227667522547,0.0,0.0,0.0,0.0,0.0,0.018581586353768324,0.0,0.02474679903606519
Portugal,0.004284153204124553,0.0,0.004284153204124553,0.006749450841128243,0.0,0.004714282656523267,0.07054592386601155,0.010564158924779906,0.0036232724378020466,0.0004947896945199205,0.0,0.0,0.019491238092168704,0.0,0.010564158924779906,0.0,0.07258613093583804,0.00196146163877278
Spain,0.01109362449436261,0.0,0.01109362449436261,0.018854696801987172,0.0,0.012357384920548978,0.0,0.034551181702176435,0.009214593012881368,0.04900458033209934,0.0,0.0,0.0,0.019491238092168704,0.034551181702176435,0.0,0.0,0.011327523861134005
UK,0.05190292507738349,0.017324181855716488,0.05190292507738349,0.0,0.0,0.06769439629354579,0.0,0.0,0.03684022274387935,0.08820227667522547,0.0,0.0,0.0,0.0,0.0,0.02585523465110996,0.0,0.0
