,World,EU,Europe,Austria,Denmark,Finland,France,Germany,Greece,Hungary,Iceland,Ireland,Lithuania,Norway,Poland,Portugal,Spain,UK
World,0.0,0.0,0.0,0.009747413384927087,0.022214399183191444,0.03020670441440468,0.04033620821565563,0.0,0.006558699023449665,0.0,0.0005019040500921797,0.0,0.0,0.0371475909013826,0.0,0.049112809939777465,0.0189427609125736,0.01707246447501062
EU,0.03449421242099229,0.0,0.0,0.009747413384927087,0.012484810530256978,0.01602406430311943,0.01980453697426366,0.0,0.0,0.0,0.0005019040500921797,0.0,0.0,0.018696785958437236,0.0,0.022486149468041897,0.0108900238226054,0.00993998661502121
Europe,0.03449421242099229,0.0,0.0,0.009747413384927087,0.012484810530256978,0.01602406430311943,0.01980453697426366,0.0,0.0,0.0,0.0005019040500921797,0.0,0.0,0.018696785958437236,0.0,0.022486149468041897,0.0108900238226054,0.00993998661502121
Austria,0.014182640111285305,0.02662666047173557,0.02662666047173557,0.0,0.04303055762395138,0.007720554946362867,0.009247680506317342,0.0385747284960292,0.03960900741627145,0.03155627032630325,0.0,0.0,0.03140963995774524,0.008811565165084056,0.0,0.010264970995529366,0.03446314468271265,0.03012755060814609
Denmark,0.0,0.0,0.0,0.009747413384927087,0.0,0.0,0.0,0.0,0.0556715089632271,0.047618771873258886,0.0005019040500921797,0.0,0.0,0.0,0.0,0.0,0.07448605401627333,0.05740867269066634
Finland,0.0,0.0,0.0,0.057810776460582254,0.056708611604183716,0.0,0.0,0.0,0.029044848491491533,0.02099211140152335,0.0005019040500921797,0.0,0.0,0.0,0.0,0.0,0.0430764140585281,0.03687700144927435
France,0.0,0.0,0.0,0.02766247324508607,0.039538581038907894,0.0647578861165811,0.0,0.0,0.018916083943998647,0.010863346854030457,0.0005019040500921797,0.0,0.0,0.1316805375447907,0.0,0.0,0.032048226295931424,0.028166088969373313
Germany,0.02474679903606519,0.06161884469862278,0.06161884469862278,0.009747413384927087,0.009813607317874017,0.012434837602886092,0.015147500058155001,0.0,0.0,0.0,0.0005019040500921797,0.0,0.10195556382375681,0.014362253504090174,0.0,0.01701442183665762,0.008607824815183277,0.007882478605218995
Greece,0.0,0.0,0.0,0.009747413384927087,0.0,0.0,0.0,0.0,0.0,0.0,0.016002850184810652,0.0,0.0,0.0,0.0,0.0,0.0,0.1039675737792814
Hungary,0.011327523861134002,0.020311572309707003,0.020311572309707003,0.09453294664340807,0.005069991795563077,0.0062944756501849206,0.0075043977941293095,0.027917663372701736,0.0,0.0,0.018173838665460126,0.0,0.023485118727304376,0.007160121407418435,0.0,0.008303509356756576,0.004488370516437915,0.05740867269066634
Iceland,0.011327523861134002,0.020311572309707003,0.020311572309707003,0.05255914776088295,0.026268274746983802,0.03684022274387935,0.0075043977941293095,0.027917663372701736,0.01891608394399865,0.010863346854030457,0.0,0.0,0.023485118727304376,0.04689500428630968,0.0,0.008303509356756576,0.022163005502578305,0.01986257961261675
Ireland,0.008710912479901028,0.015059943610007719,0.015059943610007719,0.023987022777396505,0.003988296828839364,0.004930439808756757,0.005852954036463655,0.019993142142260882,0.0,0.07847044509645243,0.043980164919657366,0.0,0.0171700305652758,0.0055913205750793725,0.07847044509645243,0.006457565368711269,0.0035378330196202128,0.003261606902153105
Lithuania,0.029242583721293004,0.10509710556818799,0.10509710556818799,0.009747413384927087,0.011120774688828836,0.014178120315074138,0.01738961858748242,0.0,0.0,0.0,0.0005019040500921797,0.0,0.0,0.016454667429109816,0.0,0.01963103321789062,0.009728167899692232,0.008894361741507914
Norway,0.0,0.0,0.0,0.03922919010681392,0.0469611982192566,0.09182554911302743,0.0,0.0,0.023573120860107277,0.015520383770139087,0.0005019040500921797,0.0,0.0,0.0,0.0,0.0,0.03707975606394564,0.03221996453316569
Poland,0.011327523861134002,0.020311572309707003,0.020311572309707003,0.034644087900723965,0.005069991795563077,0.0062944756501849206,0.0075043977941293095,0.027917663372701736,0.0,0.0,0.0005019040500921797,0.0,0.023485118727304376,0.007160121407418435,0.0,0.008303509356756576,0.004488370516437915,0.004132911630380866
Portugal,0.0,0.0,0.0,0.019236047964553037,0.03354192304432545,0.050518276724111695,0.08689510930427068,0.0,0.014862208380206257,0.006809471290238056,0.04180917643900795,0.0,0.0,0.07179167880210657,0.0,0.0,0.02771369384158441,0.024576862269140003
Spain,0.0,0.0,0.0,0.009747413384927087,0.0,0.0,0.0,0.0,0.13414195405967952,0.12608921696971132,0.004843881011391048,0.0,0.0,0.0,0.0,0.0,0.0,0.08755697590616253
UK,0.0,0.0,0.0,0.009747413384927087,0.0,0.0,0.0,0.0,0.0,0.0,0.0,0.0,0.0,0.0,0.0,0.0,0.0,0.0
