,World,EU,Europe,Austria,Denmark,Finland,France,Germany,Greece,Hungary,Iceland,Ireland,Lithuania,Norway,Poland,Portugal,Spain,UK
World,0.0,0.0,0.0,0.01430358868605794,0.0,0.02911966779751658,0.048733821813461704,0.01335144033749422,0.0,0.06400993211095721,0.04265524457106613,0.11298375158635345,0.02115820247332607,0.0191058690264011,0.015147500058155001,0.0,0.0,0.0016094330684123278
EU,0.03209838810311982,0.0,0.0,0.008009113035872973,0.0,0.014599503449876395,0.020816158440759965,0.0075261298484595755,0.0,0.04609487225079822,0.019170125843761772,0.028198218327872473,0.01127298167997288,0.010334936097390265,0.005852954036463655,0.0,0.0,0.0016094330684123278
Europe,0.020531671241391977,0.05105468577384284,0.0,0.005807074984640382,0.09003716195818026,0.010264970995529366,0.014182640111285305,0.005468621838657368,0.0,0.043478260869565216,0.013173467849179308,0.018450804942945383,0.008052737089968206,0.007414818734693918,0.0027901151376060773,0.0,0.09003716195818026,0.0016094330684123278
Austria,0.0,0.0,0.0,0.0,0.0,0.0,0.0,0.10155371701271965,0.0,0.043478260869565216,0.0,0.0,0.0,0.0,0.0,0.0,0.07764742879795333,0.0016094330684123278
Denmark,0.025783299941091267,0.09453294664340807,0.0,0.006888769951364084,0.0,0.012357384920548978,0.017324181855716488,0.006480504974946364,0.0,0.043478260869565216,0.016028584099330563,0.022946589628173194,0.009621537922307268,0.008840898030871786,0.004284153204124553,0.0,0.0,0.0016094330684123278
Finland,0.0,0.0,0.0,0.030329171432112258,0.0,0.0,0.0,0.02771369384158441,0.0,0.043478260869565216,0.0,0.0,0.0556715089632271,0.0463869911089213,0.04558783691535491,0.0,0.0038074056268180673,0.08639496632689331
France,0.0,0.0,0.0,0.020443950638759114,0.0,0.049112809939777465,0.0,0.0189427609125736,0.0,0.09415823532645334,0.12112568966751855,0.0,0.03218639023592274,0.02847193124876235,0.025276264605647938,0.0,0.0,0.0016094330684123278
Germany,0.0,0.0,0.0,0.0,0.0,0.0,0.0,0.0,0.0,0.043478260869565216,0.0,0.0,0.0,0.0,0.0,0.0,0.0,0.0016094330684123278
Greece,0.01603588655616417,0.034644087900723965,0.08478553325848098,0.004761450111127074,0.04655890108861505,0.008303509356756576,0.011327523861134002,0.004488370516437915,0.0,0.043478260869565216,0.010556856467946312,0.01452016434764015,0.006558699023449667,0.00605078289326574,0.001364035841428157,0.0,0.04655890108861505,0.0016094330684123278
Hungary,0.0,0.0,0.0,0.006888769951364084,0.0,0.08410499416666468,0.0,0.046568390643571586,0.0,0.0,0.0,0.0,0.044104792101499236,0.008840898030871786,0.011093624494362611,0.0,0.022662102428805245,0.026506107584209206
Iceland,0.0,0.0,0.0,0.022187233350947164,0.0,0.057037331170218336,0.0,0.020511561744912626,0.0,0.11056883319957223,0.0,0.0,0.03567836682096622,0.03132704749891361,0.02841780635007913,0.0,0.0,0.007924521230440887
Ireland,0.0,0.0,0.0,0.0157296679822359,0.0,0.0330503083928218,0.059390886936789164,0.014658607708449026,0.0,0.06926156081065647,0.050579765801507,0.0,0.023573120860107277,0.02119828295142073,0.01738961858748242,0.0,0.0,0.0016094330684123278
Lithuania,0.0,0.0,0.0,0.04484933577975244,0.0,0.0,0.0,0.03993487231409692,0.0,0.08695652173913043,0.0,0.0,0.0,0.09294589219753635,0.1303733701738359,0.0,0.01602858409933056,0.0016094330684123278
Norway,0.0,0.0,0.0,0.05327576106028547,0.0,0.0,0.0,0.046568390643571586,0.0,0.08695652173913043,0.0,0.0,0.0,0.0,0.0,0.0,0.022662102428805245,0.0016094330684123278
Poland,0.0,0.0,0.0,0.04877997637505767,0.0,0.0,0.0,0.0430764140585281,0.0,0.08695652173913043,0.0,0.0,0.0,0.13642415306710157,0.0,0.0,0.019170125843761772,0.0016094330684123278
Portugal,0.002616611381232999,0.0044957846852278095,0.006315088162028557,0.0008962058323289769,0.005251628699699288,0.0014940380665184774,0.00196146163877278,0.0008477501355915533,0.007924521230440877,0.0,0.001845943988045305,0.002414918386781199,0.0012065643357603852,0.001120343084508916,0.0,0.0,0.005251628699699288,0.007422617180348705
Spain,0.025783299941091267,0.09453294664340807,0.0,0.006888769951364084,0.0,0.012357384920548978,0.017324181855716488,0.006480504974946364,0.0,0.08695652173913043,0.016028584099330563,0.022946589628173194,0.009621537922307268,0.008840898030871786,0.004284153204124553,0.0,0.0,0.015849042460881754
UK,0.012105245960858942,0.023987022777396505,0.041307272388915774,0.02403317733899244,0.030148303215496167,0.006457565368711269,0.008710912479901028,0.022163005502578305,0.07847044509645243,0.043478260869565216,0.008141938081165099,0.011028187762596673,0.03960900741627145,0.03446858924334481,0.05190292507738349,0.0,0.036048122767333844,0.0
