,World,EU,Europe,Austria,Denmark,Finland,France,Germany,Greece,Hungary,Iceland,Ireland,Lithuania,Norway,Poland,Portugal,Spain,UK
World,0.0,0.0,0.0,0.07939071151014136,0.023485118727304376,0.0,0.00684617275420777,0.054985326369148074,0.008770932929010813,0.011327523861134002,0.0,0.009885220793353133,0.0,0.0,0.027917663372701736,0.0,0.010657065123327444,0.08478553325848098
EU,0.018581586353768324,0.0,0.059888858742684105,0.009885220793353133,0.007422617180348717,0.027067662996446328,0.008414973586546807,0.0,0.03605205501153106,0.004053875563792392,0.0,0.015155943561961163,0.059888858742684105,0.0,0.00842642528053304,0.07255607862512897,0.07054592386601155,0.01423960939246942
Europe,0.03499218422688721,0.0,0.0,0.07939071151014136,0.011918401865576522,0.07054592386601155,0.003926055391511346,0.054985326369148074,0.004963527302192772,0.006295994093119812,0.0,0.005550688339006103,0.0,0.0,0.01367805398023232,0.03499218422688721,0.010657065123327444,0.024896674515796878
Austria,0.018581586353768324,0.0017432827121880217,0.059888858742684105,0.0,0.007422617180348717,0.027067662996446328,0.02498316790557987,0.003141541744431211,0.0476187718732589,0.059390886936789164,0.023485118727304376,0.04439852728325417,0.059888858742684105,0.024896674515796878,0.00842642528053304,0.018581586353768324,0.07054592386601155,0.01423960939246942
Denmark,0.0,0.0,0.0,0.017771866811518634,0.0,0.0,0.02498316790557987,0.0,0.008770932929010813,0.029242583721293004,0.0,0.07096428622960832,0.0,0.0,0.0,0.0016514437576656794,0.0,0.0
Finland,0.07847044509645243,0.0,0.0,0.07939071151014136,0.017170030565275805,0.0,0.005352134687689292,0.054985326369148074,0.006809471290238054,0.008710912479901028,0.0,0.00764310226402573,0.0,0.0,0.019993142142260882,0.07847044509645243,0.010657065123327444,0.041307272388915774
France,0.0,0.01491675056136733,0.0,0.0,0.02662666047173557,0.0,0.0,0.034551181702176435,0.0,0.0,0.0,0.0,0.038574728496029186,0.0,0.0,0.01395158293779999,0.018854696801987172,0.0
Germany,0.018581586353768324,0.028336025736298513,0.059888858742684105,0.0,0.01798677610512862,0.027067662996446328,0.008414973586546807,0.0,0.0476187718732589,0.004053875563792392,0.0,0.0035892267002333167,0.059888858742684105,0.0,0.00842642528053304,0.03514978067280131,0.10307867464823105,0.01423960939246942
Greece,0.0,0.00764310226402573,0.0,0.0,0.007422617180348717,0.0,0.013655644044445824,0.015059943610007719,0.0,0.029242583721293004,0.04206670508107269,0.024405385140993267,0.01367805398023232,0.0,0.054985326369148074,0.0016514437576656794,0.006749450841128243,0.0
Hungary,0.0,0.0035892267002333167,0.0,0.07939071151014136,0.0,0.0,0.034471802485205816,0.06161884469862274,0.03605205501153106,0.0,0.03140963995774524,0.07939071151014136,0.0039306405953052174,0.041307272388915774,0.0,0.0,0.012749479048347034,0.0
Iceland,0.0,0.012300139180134345,0.0,0.07939071151014136,0.0,0.0,0.0544649446274667,0.08161198684088365,0.03605205501153106,0.0,0.0,0.0,0.027917663372701736,0.0,0.0,0.005240670457898963,0.022878243595839932,0.0
Ireland,0.0,0.007643102264025729,0.0,0.024405385140993267,0.0,0.0,0.07304653098123501,0.015059943610007719,0.013105465383357868,0.0,0.05847730295419158,0.0,0.01367805398023232,0.0,0.0,0.0016514437576656794,0.006749450841128243,0.0
Lithuania,0.03499218422688721,0.005550688339006103,0.0,0.012300139180134345,0.022482560790356425,0.07054592386601155,0.01006641734421248,0.10509710556818799,0.03605205501153106,0.006295994093119812,0.0,0.025041926431174807,0.0,0.0,0.01367805398023232,0.07472706710577845,0.006749450841128243,0.024896674515796878
Norway,0.0,0.00764310226402573,0.0,0.07939071151014136,0.0,0.0,0.04289822776573885,0.07004526997915579,0.03605205501153106,0.0,0.05847730295419158,0.0,0.01367805398023232,0.0,0.0,0.0016514437576656794,0.017406515964455686,0.0
Poland,0.0,0.0,0.0,0.07939071151014136,0.10195556382375681,0.0,0.013655644044445824,0.054985326369148074,0.03605205501153106,0.02474679903606519,0.0,0.02091340855594981,0.0,0.0,0.0,0.0,0.010657065123327444,0.0
Portugal,0.0,0.0,0.0,0.02091340855594981,0.023485118727304376,0.0,0.013655644044445824,0.0,0.03155627032630325,0.011327523861134002,0.0,0.0999223827515334,0.0,0.0,0.027917663372701736,0.0,0.0,0.08478553325848098
Spain,0.03499218422688721,0.07939071151014136,0.0,0.005550688339006103,0.0735372465641993,0.07054592386601155,0.01006641734421248,0.0,0.055543293103699765,0.006295994093119812,0.0,0.005550688339006103,0.0,0.0,0.01367805398023232,0.07472706710577845,0.0,0.024896674515796878
UK,0.0,0.0,0.0,0.07939071151014136,0.03140963995774524,0.0,0.008414973586546807,0.054985326369148074,0.010863346854030457,0.014182640111285305,0.0,0.012300139180134345,0.0,0.0,0.0385747284960292,0.0,0.010657065123327444,0.0
