,World,EU,Europe,Austria,Denmark,Finland,France,Germany,Greece,Hungary,Iceland,Ireland,Lithuania,Norway,Poland,Portugal,Spain,UK
World,0.0,0.1346067717124527,0.06734218985000313,0.0,0.0,0.073342000562696,0.0,0.0,0.0,0.0,0.04222521177533613,0.0,0.0,0.0,0.0,0.0,0.0,0.0
EU,0.0,0.0,0.07823607864273785,0.004430855397776961,0.005593321578748357,0.073342000562696,0.0,0.003892014640747359,0.0,0.005593321578748357,0.04222521177533613,0.0,0.0036689872935718347,0.005593321578748357,0.004143961687432224,0.06121972227029931,0.0,0.0
Europe,0.0,0.044444444444444446,0.0,0.0021389120122422447,0.002674758300815955,0.0,0.0,0.0018869649655574227,0.0,0.002674758300815955,0.014556045156746522,0.0,0.0017820223280144221,0.002674758300815955,0.0020050496751899535,0.016775277825854855,0.0,0.0
Austria,0.0040133010668782654,0.001336215534753749,0.002332914540920361,0.0,0.0,0.05457330262949249,0.003668987293571835,0.07937292721568562,0.0,0.0,0.0,0.0,0.0643796717178452,0.0,0.12193040669457268,0.0,0.016384774857093463,0.0
Denmark,0.0,0.0,0.0,0.0587056347490834,0.0,0.028408036653776805,0.0,0.043603138894867596,0.0,0.0,0.0,0.0,0.038929737768363955,0.0,0.049816795631538624,0.0,0.008322870038524324,0.0
Finland,0.010290115507417203,0.010789400052322595,0.009037362431557824,0.0,0.0,0.0,0.015248233907175496,0.0,0.0,0.008804675361944693,0.014556045156746522,0.0,0.0,0.0,0.0,0.015248233907175496,0.043603138894867596,0.0
France,0.04921985327578122,0.08701322837742397,0.03523455789319692,0.0021389120122422447,0.002674758300815955,0.073342000562696,0.0,0.0018869649655574227,0.0,0.029031020462820356,0.04222521177533613,0.0,0.0017820223280144221,0.002674758300815955,0.018424495700966843,0.09793022736955491,0.0,0.0
Germany,0.006998309926523498,0.004188333230973284,0.004849029200584546,0.0,0.0,0.08095310280044968,0.00781294898100408,0.0,0.0,0.0,0.0,0.0,0.12559939398814451,0.0,0.0,0.003668987293571835,0.02316570470500092,0.0
Greece,0.0,0.0,0.0,0.033255700799602154,0.05180619611148563,0.009903868165992256,0.0,0.027183692869090708,0.0,0.05180619611148563,0.0,0.04222521177533612,0.024947727033015343,0.05180619611148563,0.029892418915099514,0.0,0.0018869649655574227,0.0
Hungary,0.0,0.1346067717124527,0.06734218985000313,0.0587056347490834,0.0,0.0015151790093920516,0.0,0.043603138894867596,0.0,0.0,0.04222521177533613,0.0,0.038929737768363955,0.0,0.049816795631538624,0.0,0.008322870038524324,0.0
Iceland,0.002618953317862836,0.002730563283769239,0.002332914540920361,0.023291678228343354,0.03281168561652248,0.015497189744740649,0.003668987293571835,0.01959612864028981,0.0,0.03840500719527083,0.0,0.08666965621978055,0.018166797185107934,0.03281168561652248,0.02127873973944352,0.003668987293571835,0.06259764938983076,0.005368331559692605
Ireland,0.0,0.0,0.0,0.047811745956348684,0.11302591838178495,0.02162710680586936,0.0,0.03714771544034952,0.0,0.11302591838178495,0.0,0.0,0.03356140620867135,0.11302591838178495,0.0417161739293102,0.0,0.006030926652989623,0.0
Lithuania,0.008601972999581183,0.005715572143414471,0.006185244735338314,0.0,0.0,0.09994761329541287,0.01010489236653876,0.0,0.0,0.0,0.0,0.0,0.0,0.0,0.0,0.005674036968761794,0.027183692869090708,0.0
Norway,0.0,0.0,0.0,0.0587056347490834,0.0,0.028408036653776805,0.0,0.043603138894867596,0.0,0.0,0.0,0.0,0.038929737768363955,0.0,0.049816795631538624,0.0,0.008322870038524324,0.0
Poland,0.0556752767302993,0.06249316064941867,0.04282212212199781,0.0,0.0,0.004401026399199052,0.005674036968761794,0.12381737166013006,0.0,0.11302591838178495,0.04222521177533613,0.0,0.08115494954370006,0.0,0.0,0.0017820223280144221,0.01959612864028981,0.0
Portugal,0.06377589843252773,0.05439253894719021,0.04282212212199781,0.006899438637597759,0.008804675361944691,0.073342000562696,0.0,0.006030926652989623,0.0,0.049716982680695625,0.04222521177533613,0.0,0.005674036968761794,0.008804675361944691,0.04184986159370696,0.0,0.0,0.005368331559692605
Spain,0.025538349414592754,0.021580853330667754,0.01953044389365446,0.0,0.0,0.073342000562696,0.038929737768363955,0.0,0.0,0.002674758300815955,0.04222521177533613,0.0,0.0,0.0,0.0,0.028965715197105148,0.0,0.0
UK,0.0,0.0,0.0,0.027887369239909556,0.04091230731875093,0.004760526625355446,0.0,0.02316570470500092,0.07211361106303402,0.04091230731875093,0.0,0.02544993394948125,0.021378150968304244,0.04091230731875093,0.02529672790353331,0.0,0.0,0.0
