,World,EU,Europe,Austria,Denmark,Finland,France,Germany,Greece,Hungary,Iceland,Ireland,Lithuania,Norway,Poland,Portugal,Spain,UK
World,0.0,0.05047446661247829,0.04832066911359818,0.024845589395690097,0.007243612877881428,0.014264382643569672,0.0827311942971496,0.0,0.02207863915799367,0.003990523609114723,0.08769252288241935,0.0,0.03256747852082865,0.029190280584535565,0.03520914216795492,0.011930607511857656,0.0129911600836226,0.048280269253757294
EU,0.018373580581956563,0.0,0.06995352977690297,0.07425992138645357,0.017506016858105093,0.006123198750563654,0.008159377373813169,0.024911093759591055,0.0666354182547557,0.03547436005841837,0.016283739260414324,0.030593750186505918,0.013662427285776244,0.08712887911971418,0.1087282942814178,0.06102153185216784,0.005656792785508862,0.008075356676165192
Europe,0.018373580581956563,0.0007774407038292229,0.0,0.0809429483330832,0.01971886679482716,0.006123198750563654,0.00984656207469072,0.024911093759591055,0.07139138838839004,0.03759290053720487,0.016283739260414324,0.030593750186505918,0.013662427285776244,0.0963024821479811,0.11790189730968473,0.0677045587987975,0.005656792785508862,0.012225843694672698
Austria,0.08561727937316563,0.011899273475738742,0.009883858157428493,0.0,0.022148014887024524,0.012708740654198167,0.02655096757737482,0.0,0.06155830185159482,0.11410881162873346,0.0532097642617297,0.0,0.02887396648391494,0.0008578960080912227,0.0027998742129826614,0.06319011854902411,0.011608556553266565,0.03688198973898335
Denmark,0.0,0.00914787171617598,0.009883858157428501,0.01075066054517533,0.0,0.0,0.00771544350665246,0.0,0.012385980369449254,0.05012828425204939,0.0,0.0,0.0,0.010298790814428308,0.011244716111955355,0.009501459419660256,0.0,0.012965341994613454
Finland,0.0,0.11205691014188955,0.09112802505295321,0.047881158888941996,0.022148014887024524,0.0,0.04005095581014367,0.0,0.0415271984094369,0.015148621550860303,0.0,0.0,0.034482758620689655,0.05553475841349348,0.0615536199969128,0.04112706856714508,0.07457360361303392,0.04129178653662166
France,0.007525468804530928,0.09131090121309447,0.08596256970244245,0.045011328982403266,0.012707120080687452,0.029218107693421556,0.0,0.009452525617526209,0.04075590084379915,0.017596917043603232,0.006831213642888121,0.010848111777425635,0.03717481620903559,0.051693059680321264,0.060998621011041275,0.03613369394156725,0.025703485403781354,0.029218107693421556
Germany,0.05113452075247597,0.04778209734328394,0.04589152102140076,0.01075066054517533,0.005880224537611038,0.011244716111955355,0.07797522416351524,0.0,0.012385980369449254,0.03365758750234013,0.04019446250029059,0.0,0.025436233847708684,0.028195052994192317,0.033256984242353425,0.009501459419660256,0.010298790814428308,0.04572628216513285
Greece,0.08561727937316563,0.015148842361838671,0.013133427043528458,0.0018100199024382113,0.026304408698461654,0.012708740654198167,0.030289881408410477,0.0,0.0,0.11946182436480068,0.0532097642617297,0.0,0.02887396648391494,0.003624846245787702,0.005788751087962037,0.04845299833741475,0.011608556553266565,0.04722837710062837
Hungary,0.0,0.03962635483505266,0.03747255733617254,0.01859066324335198,0.007243612877881428,0.014264382643569672,0.06298555588806931,0.0,0.015823713005655524,0.0,0.08769252288241935,0.0,0.03256747852082865,0.022359066941647444,0.026830671296577752,0.0160870013232948,0.0129911600836226,0.05268253931572764
Iceland,0.0,0.05193849115472107,0.049630434852436435,0.025802519730948333,0.007954396813866501,0.015923883342723148,0.08550069296804616,0.0,0.022936535166084893,0.003990523609114723,0.0,0.0,0.0365580021299434,0.030226999533913484,0.0362458611173328,0.013240373250695924,0.014455184625865437,0.049662872784113334
Ireland,0.03811921899103685,0.0465378759934978,0.04476049261408729,0.009440894806337086,0.005225568637846632,0.009862112581599313,0.07589998065426148,0.08086130923953126,0.010830338380077723,0.027372622388542205,0.031742307402479165,0.0,0.02222109115918368,0.009054569464642129,0.032335512303491236,0.0083704310123468,0.009054569464642129,0.04454135542272163
Lithuania,0.0,0.09904160838045042,0.08484305993915528,0.045616756345718594,0.0209037935372384,0.0009214719388621908,0.04151498035238649,0.0,0.03974896647238412,0.014227149611998113,0.0,0.0,0.0,0.052765259742596916,0.05878412132601625,0.03886266602392165,0.061558301851594804,0.042328505485999535
Norway,0.05113452075247597,0.008637349811298895,0.006746773489415804,0.18010415392813672,0.0209037935372384,0.011244716111955355,0.022073715097429367,0.0,0.1522526976279213,0.07660638647642945,0.04019446250029059,0.0,0.025436233847708684,0.0,0.0009214719388621908,0.1236547742787377,0.010298790814428308,0.02955167059252743
Poland,0.02966706389322543,0.006208201719101554,0.004533923552693749,0.13260609354600794,0.023457780625862797,0.008552346842761046,0.01808319148831465,0.046378550618841594,0.1047546372457925,0.05513892961717893,0.025457342288681233,0.07809181056863469,0.019201424627569356,0.07457360361303392,0.0,0.11236129096746886,0.007869642722230917,0.026859301323333123
Portugal,0.0,0.0163015435377091,0.013820448776408934,0.0019521579256014732,0.01858783838751362,0.017702115279775946,0.034929438448752,0.0,0.04682118163998543,0.022945366657081568,0.0,0.0,0.04089764818242062,0.00397166407722091,0.005913642282112302,0.0,0.016010826615236968,0.04187536436456114
Spain,0.0,0.04422192084377307,0.1125954819122038,0.053142225150249515,0.024840384156218885,0.0,0.03416405252917746,0.0,0.04551772201855164,0.017100779476461825,0.0,0.0,0.0,0.06221778536012313,0.06823664694354245,0.04638813482845257,0.0,0.029313203724560536
UK,0.004755970133634381,0.10432620297453357,0.08339731788559725,0.04354151283646484,0.01971886679482716,0.0018784022741204708,0.03416405252917746,0.005886903280966224,0.03718755235695973,0.028491532255567848,0.004339646052477173,0.006683026946629653,0.03863324563919717,0.05077878827985914,0.055666716715946585,0.037689335930938817,0.05310614675378337,0.0
