,World,EU,Europe,Austria,Denmark,Finland,France,Germany,Greece,Hungary,Iceland,Ireland,Lithuania,Norway,Poland,Portugal,Spain,UK
World,0.0,0.045217721447519545,0.0,0.0,0.0,0.03527869297933363,0.0,0.0,0.06036766831086698,0.000534949879142552,0.018137046808199386,0.016435958892944403,0.0,0.022966973293561604,0.0,0.05179209400748825,0.036178763301671156,0.044153265729455965
EU,0.007273527105244191,0.0,0.007273527105244191,0.009862112581599315,0.024142336128124053,0.013926578026820555,0.02163675199648155,0.02472347946540746,0.0064322328642971785,1.0803064472872084e-05,0.01270732358934493,0.02107795692186384,0.016586496440925705,0.030118332370085092,0.012709944936525788,0.11286045513692768,0.07139138838839006,0.03496803188999995
Europe,0.0,0.045217721447519545,0.0,0.0,0.0,0.03527869297933363,0.0,0.0,0.06036766831086698,0.000534949879142552,0.018137046808199386,0.016435958892944403,0.0,0.022966973293561604,0.0,0.05179209400748825,0.036178763301671156,0.044153265729455965
Austria,0.03868756746987333,0.029126692996673222,0.03868756746987333,0.0,0.0,0.07494876511413334,0.0,0.0,0.030700604417641535,0.0008906232653525687,0.030446316694861437,0.026789992722672514,0.0,0.042944224590889646,0.0,0.0318148427101602,0.020974870391101505,0.16708885216669758
Denmark,0.013660180659356928,0.04521772144751956,0.013660180659356928,0.0196173953796369,0.0,0.026826469360759032,0.0930455356184866,0.05265110083982119,0.011881595393214487,0.016036256339807067,0.04360980515255901,0.04010515224895969,0.04149759020051675,0.08932834755265784,0.027343341960241112,0.0168124313062992,0.017670327314390454,0.12154137693033981
Finland,0.0791792148077487,0.02743319154437323,0.0791792148077487,0.0,0.0,0.0,0.0,0.0,0.0490741849995981,0.0013424929960997138,0.015821091658474618,0.014404012353223306,0.0,0.01975183060503658,0.0,0.039047296299734746,0.02655285092968763,0.03497966270118905
France,0.014904402009143069,0.041204430840391854,0.014904402009143069,0.021692638888890635,0.0,0.029255617452956455,0.0,0.05933412778645086,0.012918314342592436,0.00821398304959283,0.04089046237532104,0.04367077458551968,0.04994974529832817,0.09289396988921786,0.0309089642968011,0.0168124313062992,0.019448559251443228,0.1232008776294933
Germany,0.030309096598496146,0.02845284749137379,0.030309096598496146,0.059811857879927474,0.0,0.0590448254382253,0.0,0.0,0.024931848871474024,0.0025573043712691893,0.03478596274733861,0.030227725358878774,0.0,0.052117827619156565,0.0,0.027135675479392385,0.017038279772121002,0.14734321375761733
Greece,0.0,0.10382805579547,0.0,0.0,0.0,0.042187347704772366,0.0,0.0,0.0,0.0025573043712691893,0.01370255117968818,0.01252561007910286,0.0,0.01690520253243776,0.0,0.07570281724736454,0.049796373749993364,0.02829663575455942
Hungary,0.004605611194714785,0.013861088880150722,0.004605611194714785,0.006123198750563654,0.0036935120369137463,0.010536993023342331,0.0034377326362062624,0.015050937609061857,0.004098389589383342,0.0,0.001435728679015967,0.01531429921220058,0.035212625086718824,0.008195284772594803,0.007716570310948012,0.006837648642084485,0.04181266344251451,0.07566786553054416
Iceland,0.011344225509632162,0.0254290053296757,0.011344225509632162,0.015923883342723148,0.029150854325594982,0.022297664274312196,0.025801836827277533,0.0001891590339696689,0.009929437467613003,0.04664375499638385,0.0,0.08535276972046942,0.01935599511182225,0.012521561091747787,0.014625225036386781,0.05359416053579303,0.034078319734218564,0.1199857349409683
Ireland,0.00922568503084573,0.022736636060481357,0.00922568503084573,0.012708740654198167,0.043887974537204326,0.018147177255804683,0.03709532013854639,0.0001891590339696689,0.008119417565174756,0.024185940991960704,0.05113452075247593,0.0,0.026039022058451912,0.014094928850514778,0.018964871088863938,0.06833128074740236,0.040761346680848215,0.012133264075531397
Lithuania,0.019060795820580217,0.03360588794906615,0.019060795820580217,0.029218107693421556,0.0,0.03734860188337403,0.0,0.08753192129334257,0.016316091021725723,0.03424458657247106,0.043609805152558995,0.05912934272758453,0.0,0.10835253803128266,0.04636753243886592,0.019801308181278628,0.011608556553266565,0.1289696331756608
Norway,0.02061643780995174,0.05116179955013101,0.02061643780995174,0.032335512303491236,0.005768755546167504,0.04036826841498836,0.005353012736067227,0.01652677184709579,0.017560312371511882,0.005962950239693639,0.0942989543711917,0.04174371777252437,0.0044022700619703575,0.0,0.0035601764995108684,0.030212061756365566,0.01912459468436666,0.030106655656997598
Poland,0.025969450546018975,0.02912669299667323,0.025969450546018975,0.04507473766831813,0.0,0.05071465577663331,0.0,0.06891681082752502,0.021716706182949016,0.004241131789523385,0.0400470290086461,0.03421824896799347,0.0,0.06685494783076593,0.0,0.02444330621019807,0.014722324622396255,0.13961250659026134
Portugal,0.013660180659356926,0.017874379487278436,0.013660180659356926,0.0196173953796369,0.0,0.015223108100655167,0.0930455356184866,0.052651100839821205,0.011881595393214487,0.0018192154537084763,0.018302046272978982,0.019333985298931225,0.04149759020051674,0.04076120578468569,0.027343341960241112,0.0,0.11103960235959043,0.028495841311853214
Spain,0.019060795820580217,0.009822722488335954,0.019060795820580217,0.029218107693421556,0.0,0.025615887117913485,0.0,0.08753192129334257,0.016316091021725723,0.06436452413699742,0.021699822952112282,0.04134705265253546,0.0,0.06446456349407835,0.046367532438865926,0.00479889677741764,0.0,0.04127711029324144
UK,0.046418274637229306,0.030773969779956063,0.046418274637229306,0.0009214719388621908,0.0017782319370527912,0.08936249922811897,0.001659500699153466,0.0022128499367220613,0.035456574551275905,0.014834517215147593,0.07622782471127011,0.023770326191058143,0.0013826035303560172,0.036261197644260015,0.001131028407313528,0.039361830193380486,0.02703664115222534,0.0
