,World,EU,Europe,Austria,Denmark,Finland,France,Germany,Greece,Hungary,Iceland,Ireland,Lithuania,Norway,Poland,Portugal,Spain,UK
World,0.0,0.17902203861497798,0.1532394468242574,0.01451463497064984,0.017037515787369277,0.012171886538384013,0.03679018417730396,0.013219075172808958,0.04529226839674042,0.021738643550449886,0.02388997144552875,0.04217521300479814,0.012656053057387194,0.017037515787369277,0.018671941917658218,0.03679018417730396,0.017803355735067052,0.06269004781155828
EU,0.0006841492322317799,0.0,0.07066001564356975,0.018012678705736924,0.021453295981117983,0.009843628236586976,0.007463040408606978,0.016291718310241125,0.053817729985159296,0.026154423744198574,0.02388997144552875,0.04954990051347582,0.015552621973364964,0.021453295981117983,0.02025487587175557,0.041886571115081414,0.0217386435504499,0.07372847733946511
Europe,0.005080977689184409,0.04941919688670848,0.0,0.01620324971715689,0.019149167077487136,0.007753407535275303,0.012224298292546142,0.014708784356143777,0.06026399346643084,0.01798033305674818,0.016373350458125303,0.0566329806112422,0.014062912790030163,0.019149167077487136,0.014442628916546756,0.025751754649397177,0.027677015323214847,0.09019235334308222
Austria,0.022072064928184455,0.017716291229562066,0.01268534654199335,0.0,0.0,0.03784486935410868,0.03153523075961283,0.07588191244835031,0.03542956296278296,0.006856835618687912,0.06581002306508242,0.04006945492545826,0.06348210967673863,0.0,0.042271220008526296,0.02488035134993334,0.05613318131373541,0.042994473838125116
Denmark,0.018903669349070024,0.014674977918179488,0.009970625089173873,0.060861188719926206,0.0,0.030034706931285172,0.027305917758501354,0.04764260587928342,0.04504792236307278,0.004701127763080619,0.08308658295877108,0.05303217547212422,0.04339005655872714,0.0,0.03265286060823647,0.021075842539405785,0.04976851961486504,0.05872424493005076
Finland,0.025200982184325104,0.023678283833631054,0.027559574969236788,0.007436338220921804,0.008517947409728362,0.0,0.01882417067396936,0.006856835618687871,0.02821823670789617,0.017731368970241405,0.01449370462289533,0.026669040821503807,0.006599872381423217,0.008517947409728362,0.018910769796505432,0.01882417067396936,0.06092181117295099,0.04135366104299747
France,0.04861993776657858,0.1414481886136395,0.036711446630774254,0.01620324971715689,0.019149167077487136,0.0020722066439380084,0.0,0.014708784356143777,0.03666471537556281,0.06169538601899311,0.037792090438073016,0.033033702520374165,0.014062912790030163,0.019149167077487136,0.05741801039600662,0.1468516277497197,0.009466783631525172,0.04929272483401459
Germany,0.024428650870009647,0.019967963094998535,0.01467175285225449,0.0,0.0,0.04381408140751848,0.0348067794602172,0.0,0.03059015475662868,0.009213421560513095,0.060011284180822425,0.034079272639562806,0.11181346936381702,0.0,0.004836104376765107,0.027776920265911102,0.06148654698313603,0.03619420080471249
Greece,0.03054594373119138,0.023678283833631054,0.020460341796376603,0.024377340404607293,0.029978757569536836,0.046386823663310636,0.036624523804324516,0.021738643550449886,0.0,0.021738643550449886,0.062049279111749976,0.06266283727554128,0.02063359966254937,0.029978757569536836,0.017182232734323438,0.02847863366282178,0.07264592865258067,0.004479502870075101
Hungary,0.009762158864646093,0.031543993337039396,0.026002076640800387,0.060861188719926206,0.0,0.0007683355563098514,0.01737948964821749,0.04764260587928342,0.028478503466510822,0.0,0.05793998911628993,0.031543993337039396,0.04339005655872714,0.0,0.058000991100451926,0.012308931043170686,0.0348783963275758,0.03337611443783529
Iceland,0.016992312649087838,0.03743143481435727,0.06327005636985303,0.032902801993026164,0.042941478116202796,0.021751010632385544,0.028151519254099987,0.028689703046721995,0.05049484760328154,0.030845410902329295,0.0,0.08451639040598107,0.02699826136141974,0.042941478116202796,0.024683094436039308,0.02694580432322536,0.05382905241010459,0.06320374780012586
Ireland,0.03238771836876011,0.025455367173222263,0.022068029254120203,0.0297307060740079,0.03784509117842536,0.0507942033843543,0.0389811097461497,0.026154423744198574,0.0006661410909883031,0.026154423744198574,0.04353097871006629,0.0,0.024694132457788905,0.03784509117842536,0.02025487587175557,0.030634341518429083,0.07591747735318508,0.00594728875019516
Lithuania,0.025694700664528863,0.0211736780258731,0.015726659853375853,0.0,0.0,0.04708563010812291,0.03661620844879723,0.0,0.028478503466510822,0.01047947135503234,0.05793998911628993,0.031543993337039396,0.0,0.0,0.006168848461898814,0.029359854220008443,0.06465864290215428,0.03337611443783529
Norway,0.018903669349070024,0.014674977918179488,0.009970625089173873,0.060861188719926206,0.0,0.030034706931285172,0.027305917758501354,0.04764260587928342,0.04504792236307278,0.004701127763080619,0.08308658295877108,0.05303217547212422,0.04339005655872714,0.0,0.03265286060823647,0.021075842539405785,0.04976851961486504,0.05872424493005076
Poland,0.02078250318121638,0.02168128790308195,0.018501214939084545,0.0,0.0,0.0037629224130111246,0.021858992518292614,0.11096963174659592,0.01995893508886994,0.04933670577585683,0.052584201302140046,0.02168128790308195,0.0767257500655714,0.0,0.0,0.016314584655466646,0.04196890834038957,0.022666744447861473
Portugal,0.04861993776657858,0.05303217547212422,0.03952953299765144,0.0199615602108586,0.0239885752836414,0.0020722066439380084,0.0019446384717070838,0.01798033305674818,0.0467365371095798,0.07802640882257883,0.014742450540229006,0.041658616890379196,0.017135555927462298,0.0239885752836414,0.07591172031132777,0.0,0.014273982173930366,0.06157483863665183
Spain,0.069253062848434,0.056455356911987664,0.052166305728248555,0.008702388015441062,0.01000765659306318,0.021822029897454506,0.08527662767380854,0.008007706629638475,0.017094739269835915,0.03385795143363091,0.0392861285941867,0.015319048348960826,0.007700673235909079,0.01000765659306318,0.028851531511193743,0.06807575063264841,0.0,0.026425054941563147
UK,0.017519358213127445,0.013065300353260537,0.008863650868298545,0.032902801993026164,0.042941478116202796,0.021813125923887525,0.024694132457788936,0.028689703046721995,0.15545560689135315,0.028689703046721995,0.09242417808147838,0.10884660001848673,0.02699826136141974,0.042941478116202796,0.021943490618262625,0.01856600493792085,0.04682600985674016,0.0
