,World,EU,Europe,Austria,Denmark,Finland,France,Germany,Greece,Hungary,Iceland,Ireland,Lithuania,Norway,Poland,Portugal,Spain,UK
World,0.0,0.016515670116189905,0.0,0.032870682647477646,0.022581186852466694,0.0,0.010465882556242605,0.024173771802426525,0.022957011092602567,0.022581186852466694,0.03949936885489851,0.015595436793599452,0.0022860473235430667,0.10898136893972787,0.04405157728914119,0.008798391840356554,0.01684535528158534,0.09606520215010089
EU,0.04710311722572933,0.0,0.0913860349193331,0.01270732358934493,0.06977665295268905,0.058562776997796925,0.01853193274301003,0.0060341036470462715,0.04145247536358181,0.0168124313062992,0.014771688520966797,0.0549644556917554,0.20174483101081597,0.06254613235021854,0.02859300914707636,0.11063947251729861,0.07282715964136659,0.04011498667016072
Europe,0.06011841898716845,0.014828485415312292,0.0,0.02853103659500047,0.01859066324335198,0.0930455356184866,0.00898031269877153,0.021857816652701784,0.019638009694295612,0.01859066324335198,0.036479702323284166,0.0131662887014021,0.00033388939794152666,0.11683711961479047,0.03275809397787235,0.02530775887957999,0.015923883342723148,0.048567141767972145
Austria,0.04710311722572933,0.013820448776408952,0.0913860349193331,0.0,0.04485454101312239,0.058562776997796925,0.008269528762786466,0.02145643867927489,0.10228080506919973,0.0168124313062992,0.026212313552927635,0.012035260294088553,0.1027318121120209,0.06672649771480496,0.02859300914707636,0.06540296848574617,0.12157430090562592,0.04011498667016072
Denmark,0.0,0.009735650364395191,0.0,0.036269915749684925,0.0,0.0,0.02448369651076778,0.018420084016495523,0.037897381990070964,0.036789682603627236,0.03260553120251725,0.09922624470402731,0.026240088940833847,0.0528732247979741,0.0,0.004299732607958844,0.010033547564405219,0.0
Finland,0.09460117760785809,0.01565777410809865,0.0,0.03060628010425423,0.02050594334321294,0.0,0.009712007989800969,0.02298884506001531,0.021269826391724957,0.02050594334321294,0.037943726865526994,0.014351215443813313,0.00033388939794152666,0.11221165520014599,0.037766612175343266,0.028425163489649657,0.015923883342723148,0.061582443529411265
France,0.0,0.006486081478295232,0.0,0.004476866148842421,0.017169478087848182,0.0,0.0,0.047947501147338166,0.008213938092678312,0.0,0.005831047878229637,0.01183052630729133,0.06485773053225483,0.0127379720118556,0.0,0.006251890533560331,0.007308125492974877,0.0
Germany,0.04710311722572933,0.034911244967944836,0.0913860349193331,0.005919345375856993,0.0821067983047086,0.058562776997796925,0.04291956918100977,0.0,0.06690203729637341,0.0168124313062992,0.00690204579873588,0.029507113403074166,0.0819973998326542,0.04334470772264921,0.02859300914707636,0.08097240862407318,0.14737613773290342,0.04011498667016072
Greece,0.0,0.008698931415017234,0.0,0.021647863774578287,0.018979497990286393,0.0,0.004991702297311956,0.012709944936525787,0.0,0.036789682603627236,0.013494196629073283,0.036261197644260015,0.021153582553170878,0.00027793108048558074,0.06551903414839173,0.0083704310123468,0.009862112581599313,0.0
Hungary,0.0,0.03011295873396407,0.0,0.02853103659500047,0.021334596729389105,0.0,0.021929709422143312,0.04608375400287321,0.04890425994167847,0.0,0.07659468899344495,0.03937860225432967,0.03485352584437172,0.13528490994242667,0.0,0.019484778002428083,0.031847766685446297,0.0
Iceland,0.02319239398585307,0.07067920096174293,0.029150854325594982,0.043164433618715775,0.04942320679666047,0.025801836827277533,0.015543055868030653,0.09559797148010993,0.07124168334885063,0.01075066054517533,0.0,0.015733818974169332,0.06678214608817348,0.13423997023439976,0.016648915939139208,0.04807778714950443,0.06903177910043219,0.021090796191535897
Ireland,0.0,0.022934111635687992,0.0,0.015821091658474618,0.02018914461946254,0.0,0.03631422281805909,0.04237279116270184,0.02651347496670813,0.0,0.08432227748436867,0.0,0.056765109693231654,0.060279329363516966,0.0,0.013240373250695924,0.025740594130200557,0.0
Lithuania,0.06011841898716845,0.0025757326644536443,0.0,0.010828921315224452,0.0836327884364011,0.0930455356184866,0.03827757115209031,0.10835185156585239,0.04954545979399935,0.01859066324335198,0.013941442114600773,0.04734649465286003,0.0,0.05011062189998557,0.03275809397787235,0.11236129096746886,0.004752032138584164,0.048567141767972145
Norway,0.01650936703922342,0.055692205613560315,0.01997725129732806,0.043164433618715775,0.03877980786281453,0.018071129659921567,0.015543055868030653,0.07513088514057416,0.06690203729637341,0.008196673456550901,0.10995793785084741,0.012035260294088553,0.05002065475716215,0.0,0.012309269886662035,0.038548132130275914,0.055518530019688116,0.015203892910569679
Poland,0.0,0.020277847944229557,0.0,0.04481477585541479,0.03322406026706727,0.0,0.013733035965592362,0.029574386963649793,0.037897381990070964,0.03322406026706727,0.04692762510021952,0.021307472594408124,0.010965339428497405,0.10411025223415474,0.0,0.011288104545877156,0.02091605368597326,0.0
Portugal,0.0,0.004936753586977573,0.0,0.021291766118265346,0.08044604425258381,0.0,0.017495213793632124,0.012594855273214222,0.03902332727138437,0.022581186852466694,0.02429547594432887,0.1221930109110713,0.021021398217295394,0.061159922459975334,0.04405157728914119,0.0,0.005913642282112302,0.09606520215010089
Spain,0.06011841898716845,0.07540289230582017,0.0,0.010828921315224452,0.14117726458736551,0.0930455356184866,0.021929709422143312,0.0041557013729258,0.04954545979399935,0.01859066324335198,0.013941442114600773,0.04734649465286003,0.06485773053225483,0.05011062189998557,0.03275809397787235,0.11236129096746886,0.0,0.048567141767972145
UK,0.0,0.01740421807976594,0.0,0.035362250237888596,0.024845589395690097,0.0,0.011243323260071844,0.025417993152212652,0.024703455064269783,0.024845589395690097,0.041158869554052006,0.01690520253243776,0.004317993863264176,0.10673156420879286,0.052503732386952606,0.008798391840356554,0.01780228561684362,0.0
