,World,EU,Europe,Austria,Denmark,Finland,France,Germany,Greece,Hungary,Iceland,Ireland,Lithuania,Norway,Poland,Portugal,Spain,UK
World,0.0,0.0,0.0,0.01858783838751362,0.0,0.03412768363278903,0.05224825074569209,0.017495213793632124,0.0,0.04680683252166637,0.04682118163998543,0.10543151598793586,0.026072214686192766,0.023894264275426205,0.07353544954627166,0.0,0.012603784143609818,0.01240088733379079
EU,0.04220110780385447,0.0,0.0,0.013595668044263466,0.0,0.022611691219143387,0.030106655656997598,0.012875139957501171,0.0,0.03159529332352766,0.028195052994192317,0.0381878171967268,0.018232211988016125,0.0169380071248314,0.06616391304630949,0.0,0.007983710307478863,0.004028208066109227
Europe,0.033027504775587566,0.06427481279860556,0.0,0.011849224072596266,0.09744780568045694,0.019173958582937144,0.024845589395690097,0.011243323260071844,0.0,0.026612158142705768,0.023439082860557972,0.03045711002937084,0.01567822489939169,0.014622051975106631,0.06373476495411212,0.0,0.03045711002937084,0.0013358387969149262
Austria,0.0,0.0,0.0,0.0,0.0,0.0,0.0,0.08744874357053506,0.0,0.02978920798526881,0.0,0.0,0.0,0.0,0.017896262179763974,0.0,0.08255731392051278,0.018585328781431324
Denmark,0.037192589606383546,0.09875757141929517,0.0,0.012707120080687452,0.0,0.020833459282090596,0.02733715698610106,0.012045851264714818,0.0,0.02904130623490321,0.025703485403781354,0.03402273236593081,0.016922446249177856,0.015753080382420178,0.06491969169652335,0.0,0.007983710307478863,0.0026456045357531846
Finland,0.0,0.0,0.0,0.031297783324039444,0.0,0.0,0.0,0.02888596657273811,0.0,0.011520364552689248,0.0,0.0,0.053444837074735,0.045531016271907795,0.09767778567439574,0.0,0.023994536922715835,0.044143194736269945
France,0.0,0.0,0.0,0.023457780625862797,0.0,0.049984313607685585,0.0,0.021929709422143312,0.0,0.0635864843538064,0.10905636223372356,0.0,0.03481870842894188,0.03132252052074722,0.08156860763566257,0.0,0.01703827977212099,0.02200159964757546
Germany,0.0,0.0,0.0,0.0,0.0,0.0,0.0,0.0,0.0,0.025449561932791583,0.0,0.0,0.0,0.0,0.013140292046129612,0.0,0.007983710307478863,0.028132368121032966
Greece,0.029461882439027583,0.051259511037166416,0.09606520215010089,0.011019935379809866,0.06296504705976728,0.01761831659356563,0.022581186852466694,0.010465882556242605,0.0,0.02429620299298097,0.0213638393513042,0.027339705419301166,0.014493298156980479,0.013540230445698078,0.06260373654679859,0.0,0.027339705419301166,9.161744712875146e-05
Hungary,0.006988482717135632,0.009149768437014889,0.010447922776935317,0.007954396813866501,0.009755282798037584,0.03724508824285869,0.005880718306826212,0.030545467271891617,0.01124830077791593,0.0,0.005656792785508862,0.0066739445686405715,0.02798749478605374,0.009629881631856504,0.018338575642120047,0.016283739260414324,0.04870354477060537,0.0331266085937985
Iceland,0.0,0.0,0.0,0.024840384156218885,0.0,0.05626927872148351,0.0,0.023173930771929484,0.0,0.06884755061511387,0.0,0.0,0.037588207099838414,0.033586923063970625,0.08406017522607351,0.0,0.01828250112190717,0.02511900425764512
Ireland,0.0,0.0,0.0,0.01971886679482716,0.0,0.03724508824285869,0.06070040584350349,0.01853193274301003,0.0,0.05050034455858007,0.05310614675378337,0.0,0.02798749478605374,0.025553764974579687,0.07531368148332443,0.0,0.013640503092987727,0.014476130843044535
Lithuania,0.0,0.0,0.0,0.04281377573768511,0.0,0.0,0.0,0.03857862536128253,0.0,0.03804955357455648,0.0,0.0,0.0,0.08245704127322319,0.16492148446560478,0.0,0.033687195711260214,0.004305105234906635
Norway,0.0,0.0,0.0,0.04949680268431477,0.0,0.0,0.0,0.04383969162259002,0.0,0.040619948320773265,0.0,0.0,0.0,0.0,0.051259511037166416,0.0,0.03894826197256774,0.00544463018319594
Poland,0.0032495688860999616,0.004156393811437108,0.004679167230767811,0.0375527094763776,0.0044022700619703575,0.0023338432749138056,0.002766950237696513,0.034238979308805366,0.004993374625577781,0.053953493250464536,0.0026679159105294655,0.0031137680691296883,0.0020180442400348298,0.06098958441397265,0.0,0.006831213642888122,0.04058103336364156,0.003936590618980475
Portugal,0.01881900902442701,0.027348787797290167,0.03383002155636279,0.007954396813866501,0.030204106889247895,0.01221770143234236,0.0151529306071457,0.007578493978329968,0.0386509621279179,0.015980708112149924,0.014455184625865437,0.0177389931055165,0.010248501680537278,0.009629881631856504,0.058533038142410614,0.0,0.0177389931055165,0.024925749648029287
Spain,0.037192589606383546,0.09875757141929517,0.0,0.012707120080687452,0.0,0.020833459282090596,0.02733715698610106,0.012045851264714818,0.0,0.026654453341159984,0.025703485403781354,0.03402273236593081,0.016922446249177856,0.015753080382420178,0.029064875248709956,0.0,0.0,0.03443599388724852
UK,0.026344477828957925,0.042807355939354995,0.061582443529411265,0.012707120080687452,0.04994974529832817,0.01615429205132282,0.02050594334321294,0.012045851264714818,0.09460117760785809,0.01778985300586372,0.019448559251443228,0.024570206748404592,0.016922446249177856,0.015753080382420178,0.024772831621388866,0.0,0.051693059680321264,0.0
