,World,EU,Europe,Austria,Denmark,Finland,France,Germany,Greece,Hungary,Iceland,Ireland,Lithuania,Norway,Poland,Portugal,Spain,UK
World,0.0,0.0,0.0,0.02841474324698631,0.025234350733300995,0.03296500696086495,0.042253189806433306,0.0,0.02574159893489641,0.017995470434437492,0.017858169400651065,0.0,0.0,0.03937860225432967,0.0,0.049984313607685585,0.021929709422143312,0.019995581388212277
EU,0.04095476743442323,0.0,0.0,0.019264974809971434,0.017517780422352934,0.021716706182949016,0.025969450546018975,0.0,0.019618400184332717,0.011872271683873812,0.006609868622735124,0.0,0.0,0.02474520523061436,0.0,0.028866617371481548,0.015543055868030653,0.014338788602703443
Europe,0.04095476743442323,0.0,0.0,0.019264974809971434,0.017517780422352934,0.021716706182949016,0.025969450546018975,0.0,0.019618400184332717,0.011872271683873812,0.006609868622735124,0.0,0.0,0.02474520523061436,0.0,0.028866617371481548,0.015543055868030653,0.014338788602703443
Austria,0.024845589395690097,0.040082567325068,0.040082567325068,0.0,0.019833735572077696,0.015131164279314475,0.017596771278337402,0.052503732386952606,0.026072214686192766,0.036491213676417104,0.015455353616396815,0.0,0.04523650403155247,0.01690520253243776,0.0,0.019173958582937144,0.017495213793632124,0.016085232574370684
Denmark,0.0,0.0,0.0,0.011930607511857656,0.0,0.0,0.0,0.0,0.06469313785265092,0.05694700935219202,0.015952257696896156,0.0,0.0,0.0,0.0,0.0,0.06598128671128453,0.051986367214421854
Finland,0.0,0.0,0.0,0.07052448584713789,0.052591829549950016,0.0,0.0,0.0,0.04357544161644685,0.03582931311598794,0.00634246300512244,0.0,0.0,0.0,0.0,0.0,0.04107019295169347,0.03570262795400753
France,0.0,0.0,0.0,0.04661376260726161,0.038974219101627836,0.06036766831086698,0.0,0.0,0.0355422835270559,0.027796155026597033,0.005145844080492297,0.0,0.0,0.1143530082128947,0.0,0.0,0.03232369920894438,0.028793973228568817
Germany,0.03322406026706727,0.06783498929811647,0.06783498929811647,0.016835826717774043,0.015399239943566501,0.01887007811035016,0.022275938509105236,0.0,0.01787195621266545,0.01012582771220658,0.0037632405501362948,0.0,0.10118671951149268,0.021307472594408124,0.0,0.024526971319004373,0.013733035965592362,0.012706971905274039
Greece,0.012133264075531397,0.01670046854564052,0.01670046854564052,0.02108037594887258,0.006884338848705916,0.008119417565174756,0.00922568503084573,0.019140483529550147,0.0,0.03507404912759707,0.00634246300512244,0.030810355024748458,0.017833842681550468,0.008921492224958864,0.02735747881664905,0.009901746282617602,0.006251484522751687,0.03570262795400753
Hungary,0.022581186852466694,0.03507404912759707,0.03507404912759707,0.035713772972587855,0.01163706211552677,0.014000135872000998,0.016214167747981366,0.04405157728914119,0.003460523467049375,0.0,0.03376230809696887,0.0,0.03895153891775454,0.015595436793599452,0.0,0.01761831659356563,0.010465882556242605,0.025947345155969952
Iceland,0.022581186852466694,0.03507404912759707,0.03507404912759707,0.07543526596615345,0.013447082017965005,0.016316091021725723,0.016214167747981366,0.04405157728914119,0.02590634448387034,0.026332130484354243,0.0,0.0,0.03895153891775454,0.018287806062793763,0.0,0.01761831659356563,0.012045851264714818,0.011175656635003237
Ireland,0.02050594334321294,0.0309089642968011,0.0309089642968011,0.017642643312666316,0.010779166107435558,0.012918314342592436,0.014904402009143069,0.037766612175343266,0.013977128953935797,0.0309089642968011,0.0345070853397903,0.0,0.033943020720283615,0.014351215443813313,0.09460117760785809,0.01615429205132282,0.009712007989800969,0.009042142623532168
Lithuania,0.036789682603627236,0.10231774791880613,0.10231774791880613,0.018020753460185248,0.016435958892944403,0.020252681640706188,0.024054170446158,0.0,0.018729852220756685,0.010983723720297801,0.005145844080492297,0.0,0.0,0.022966973293561604,0.0,0.026602214828258114,0.014621583929168432,0.013509499909917035
Norway,0.0,0.0,0.0,0.055787365635528545,0.04486112238259406,0.08183512517011751,0.0,0.0,0.039235795563969666,0.031489667063510786,0.005341320237403045,0.0,0.0,0.0,0.0,0.0,0.03631422281805909,0.032009115917093815
Poland,0.022581186852466694,0.03507404912759707,0.03507404912759707,0.0193021440118198,0.01163706211552677,0.014000135872000998,0.016214167747981366,0.04405157728914119,0.014708824244965307,0.007716570310948012,2.4326719100600755e-05,0.0,0.03895153891775454,0.015595436793599452,0.0,0.01761831659356563,0.010465882556242605,0.009733177407988704
Portugal,0.0,0.0,0.0,0.03993073566063197,0.03421824896799347,0.0490741849995981,0.0791792148077487,0.0,0.032327140838530936,0.02458101233807204,0.03396734743938421,0.0,0.0,0.06685494783076593,0.0,0.0,0.02888596657273811,0.025947345155969952
Spain,0.0,0.0,0.0,0.007288609482938208,0.0,0.0,0.0,0.0,0.12692831844638905,0.11918218994593015,0.03623813469098479,0.0,0.0,0.0,0.0,0.0,0.0,0.07589709045429811
UK,0.0,0.0,0.0,0.004299732607958844,0.0,0.0,0.0,0.0,0.008983898234692487,0.006252545768705222,0.005121517361391696,0.0,0.0,0.0,0.0,0.0,0.0,0.0
