,World,EU,Europe,Austria,Denmark,Finland,France,Germany,Greece,Hungary,Iceland,Ireland,Lithuania,Norway,Poland,Portugal,Spain,UK
World,0.0,0.10174213670187598,0.0,0.0,0.0,0.0,0.0,0.0,0.0627618878047316,0.0005408440138149138,0.03546236039916845,0.029671701154595595,0.0,0.0,0.0,0.050306496515488214,0.02929997315292002,0.0
EU,0.005153159278761448,0.0,0.005153159278761448,0.007345412123284663,0.02469639452200538,0.005568189998240509,0.020775297335692333,0.010020501877157006,0.004484992742228877,2.1432327403043588e-05,0.012412088681124018,0.029671701154595595,0.014185591953529844,0.002314694683398423,0.010020501877157006,0.11618961123126846,0.06426086244214216,0.003970966095608277
Europe,0.0,0.10174213670187598,0.0,0.0,0.0,0.0,0.0,0.0,0.0627618878047316,0.0005408440138149138,0.03546236039916845,0.029671701154595595,0.0,0.0,0.0,0.050306496515488214,0.02929997315292002,0.0
Austria,0.03801448969152298,0.07334740876450078,0.03801448969152298,0.0,0.0,0.0446892447944065,0.0,0.0,0.029671701154595595,0.011554660548343658,0.06958615868411737,0.05016531026523944,0.0,0.0,0.0,0.028024177760776148,0.01234178490651541,0.06114503609860166
Denmark,0.010099327479793144,0.05703465776237705,0.010099327479793144,0.015051219317043278,0.0,0.011000048648706927,0.09019146030563104,0.021891399147288437,0.008681268011965474,0.01011984945968791,0.06958615868411737,0.05016531026523944,0.03540488133353446,0.014185591953529844,0.021891399147288437,0.01841429400528766,0.020047244456250796,0.010342082950356421
Finland,0.0831782501837686,0.05496899236476816,0.0831782501837686,0.0,0.0,0.0,0.0,0.0,0.05016531026523944,2.1432327403043588e-05,0.02959424803078703,0.025220732513659937,0.0,0.0,0.0,0.03698423870663526,0.02399523723463554,0.0
France,0.011487112831477728,0.05703465776237705,0.011487112831477728,0.01736591400044171,0.0,0.012542183355642512,0.0,0.025868439445759197,0.009837608378579357,0.014574816837789582,0.06958615868411737,0.05016531026523944,0.04483228509647796,0.018162632252000595,0.025868439445759197,0.01841429400528766,0.023524349598251584,0.012193064499412206
Germany,0.028669272181140747,0.06737674071273347,0.028669272181140747,0.05988350441352126,0.0,0.03258942781189327,0.0,0.0,0.02323731996848567,0.014574816837789578,0.06958615868411737,0.05016531026523944,0.0,0.0,0.0,0.022805106618765884,0.00933875764472174,0.03912105479616596
Greece,0.0,0.17115829967181467,0.0,0.0,0.0,0.0,0.0,0.0,0.0,0.000193490223508119,0.024753873587639422,0.021386338419429895,0.0,0.0,0.0,0.07697614935996556,0.044488846345279366,0.0
Hungary,0.0040430977356862826,0.0051088605036729556,0.0040430977356862826,0.005712461672321508,0.0,0.004361542907746363,0.0,0.007705807193758602,0.003528108733204054,0.0,0.017362533008749067,0.010268263856282277,0.04483228509647796,0.010708486811529066,0.007705807193758602,0.0017351391419913056,0.04474363897825619,0.005431858650466405
Iceland,0.014490140093271363,0.006973993357401978,0.014490140093271363,0.022670649918726197,0.02469639452200538,0.015910272948596944,0.020775297335692333,0.010020501877157006,0.012305787154153924,0.022986809283723788,0.0,0.12516789737851106,0.014185591953529844,0.002314694683398423,0.010020501877157006,0.044498473878977624,0.023524349598251584,0.021153125445271318
Ireland,0.012948005386335787,0.006973993357401978,0.012948005386335787,0.01989159376019091,0.03412379828494891,0.01417513380660565,0.027785450731851558,0.012546181636906233,0.01104425546907348,0.029129817279458077,0.0,0.0,0.018162632252000595,0.0048403744431476155,0.012546181636906233,0.053925877641921145,0.02750138989672233,0.018627445685522118
Lithuania,0.016123090544234525,0.058296189447457514,0.016123090544234525,0.025759706128572358,0.0,0.017761254497652743,0.0,0.04311068852729305,0.013627436212997251,0.014574816837789578,0.0765963120802766,0.05016531026523944,0.0,0.03540488133353446,0.04311068852729305,0.01841429400528766,0.00933875764472174,0.018627445685522118
Norway,0.02382889773799315,0.06400865111977903,0.02382889773799315,0.04344594725441853,0.0,0.02672131544351184,0.0,0.0,0.019651199277438587,0.014574816837789578,0.06958615868411737,0.05016531026523944,0.0,0.0,0.0,0.019802079356972244,0.00933875764472174,0.03049834295565355
Poland,0.02382889773799315,0.06400865111977903,0.02382889773799315,0.04344594725441853,0.0,0.02672131544351184,0.0,0.0,0.019651199277438587,0.014574816837789578,0.06958615868411737,0.05016531026523944,0.0,0.0,0.0,0.019802079356972244,0.00933875764472174,0.03049834295565355
Portugal,0.010099327479793144,0.0,0.010099327479793144,0.015051219317043278,0.0,0.021232144334081562,0.09019146030563104,0.02189139914728844,0.008681268011965474,0.000193490223508119,0.01541511594291768,0.013627436212997251,0.035404881333534456,0.014185591953529844,0.02189139914728844,0.0,0.10191770898124952,0.010342082950356421
Spain,0.016123090544234525,0.0012615316850804739,0.016123090544234525,0.02575970612857235,0.0,0.05894797469142761,0.0,0.04311068852729305,0.013627436212997251,0.04165805594684026,0.027644340481087167,0.018018248826475455,0.0,0.035404881333534456,0.04311068852729305,0.0,0.0,0.01862744568552212
UK,0.05222362567536837,0.08096683936618367,0.05222362567536837,0.0,0.0,0.06671322609684219,0.0,0.0,0.03806549328272622,0.00529565676462286,0.06015875492117384,0.04551963872319776,0.0,0.0,0.0,0.03445855894688604,0.017560856048525638,0.0
