,World,EU,Europe,Austria,Denmark,Finland,France,Germany,Greece,Hungary,Iceland,Ireland,Lithuania,Norway,Poland,Portugal,Spain,UK
World,0.0,0.0,0.0,0.021858963277098315,0.024222479973289288,0.032197380914344806,0.04199152998999373,0.0,0.011464927060815193,0.005801926059205476,0.015917559316609525,0.0,0.0,0.03893946554116925,0.0,0.05027566893773945,0.020875053600848986,0.018935596581344572
EU,0.03912105479616596,0.0,0.0,0.014656479589913802,0.015615536164924193,0.019651199277438587,0.02382889773799315,0.0,0.004635205377494162,0.0,6.962174800734248e-05,0.0,0.0,0.02261759963010219,0.0,0.02672131544351184,0.013751478482800221,0.012626096935969302
Europe,0.03912105479616596,0.0,0.0,0.014656479589913802,0.015615536164924193,0.019651199277438587,0.02382889773799315,0.0,0.004635205377494162,0.0,6.962174800734248e-05,0.0,0.0,0.02261759963010219,0.0,0.02672131544351184,0.013751478482800221,0.012626096935969302
Austria,0.021153125445271318,0.03610053513113383,0.03610053513113383,0.0,0.027808600664336415,0.012305787154153924,0.014490140093271363,0.048951971599189445,0.040701738331388314,0.035038737329778594,0.0,0.0,0.04137554938530175,0.013872981235982117,0.0,0.015910272948596944,0.02372373150739165,0.021403775356919147
Denmark,0.0,0.0,0.0,0.014656479589913802,0.0,0.0,0.0,0.0,0.0549108743152337,0.04924787331362396,0.003636174997640224,0.0,0.0,0.0,0.0,0.0,0.07000950519258345,0.05461762692596305
Finland,0.0,0.0,0.0,0.0688275223311135,0.054736590961090195,0.0,0.0,0.0,0.03135652082100607,0.025693519819396358,6.962174800734248e-05,0.0,0.0,0.0,0.0,0.0,0.04222405446073189,0.036454994673962425
France,0.0,0.0,0.0,0.042157869486636135,0.039547717768730825,0.0627618878047316,0.0,0.0,0.022396459875146983,0.016733458873537273,6.962174800734248e-05,0.0,0.0,0.1225647644949533,0.0,0.0,0.03246834990151174,0.028749187480203817
Germany,0.03049834295565355,0.06705515963953404,0.06705515963953404,0.014656479589913802,0.013252548707816154,0.01647611411953988,0.01970921123528166,0.0,0.0026872486398653275,0.0,6.962174800734248e-05,0.0,0.10378155895908119,0.01878320553587214,0.0,0.021880941000364237,0.01173261013008061,0.010805993696528828
Greece,0.006973993357401978,0.010020501877157006,0.010020501877157006,0.026527376860045228,0.0037551590250870003,0.004484992742228877,0.005153159278761449,0.011739117104394391,0.0,0.017967929350894658,0.0036361749976402255,0.020775297335692333,0.010811042494914892,0.004968073585332637,0.017967929350894658,0.005568189998240509,0.003387802751527472,0.05461762692596305
Hungary,0.018627445685522118,0.030514110987800866,0.030514110987800866,0.0716911373522908,0.009056273438079536,0.01104425546907348,0.012948005386335787,0.03952456783624594,0.0,0.0,0.02838604984811369,0.0,0.034365395989142504,0.012412088681124018,0.0,0.01417513380660565,0.008088477481190468,0.036454994673962425
Iceland,0.018627445685522118,0.030514110987800866,0.030514110987800866,0.06265147859727996,0.018198716908847924,0.02323731996848567,0.012948005386335787,0.03952456783624594,0.022396459875146987,0.016733458873537273,0.0,0.0,0.034365395989142504,0.027068568271037843,0.0,0.01417513380660565,0.015928885399817252,0.014574053673598139
Ireland,0.01631275100212372,0.025868439445759193,0.025868439445759193,0.01996121550819828,0.008099389429054756,0.009837608378579357,0.011487112831477728,0.032514414440086715,0.0,0.0929705164641663,0.03853116020954582,0.0,0.028778971845809555,0.011024303329439482,0.0929705164641663,0.012542183355642512,0.007247617387851782,0.006718299497662985
Lithuania,0.0344753832541243,0.10551669810107252,0.10551669810107252,0.014656479589913802,0.014408889074430026,0.018018248826475455,0.021692623780455913,0.0,0.00364413264889015,0.0,6.962174800734248e-05,0.0,0.0,0.020634187084927934,0.0,0.024195635683762633,0.01272368285868472,0.011701121086323
Norway,0.0,0.0,0.0,0.05238996517201076,0.046113879120577767,0.0867063589169726,0.0,0.0,0.02651614637785847,0.02085314537624874,6.962174800734248e-05,0.0,0.0,0.0,0.0,0.0,0.03691931854244738,0.03233530817125097
Poland,0.018627445685522118,0.030514110987800866,0.030514110987800866,0.023050271718044416,0.009056273438079536,0.01104425546907348,0.012948005386335787,0.03952456783624594,0.0,0.0,6.962174800734248e-05,0.0,0.034365395989142504,0.012412088681124018,0.0,0.01417513380660565,0.008088477481190468,0.007489069064941255
Portugal,0.0,0.0,0.0,0.03470372404616459,0.03424298185044633,0.05016531026523944,0.0831782501837686,0.0,0.018810339184099873,0.01314733818249015,0.0571042795103844,0.0,0.0,0.06958615868411737,0.0,0.0,0.02863395580728165,0.02557410232230512
Spain,0.0,0.0,0.0,0.014656479589913802,0.0,0.0,0.0,0.0,0.12432703728517239,0.11866403628356266,0.023103344154933057,0.0,0.0,0.0,0.0,0.0,0.0,0.08128727977044042
UK,0.0,0.0,0.0,0.0082220984038039,0.0,0.0,0.0,0.0,0.0,0.0,0.0,0.0,0.0,0.0,0.0,0.0,0.0,0.0
