,World,EU,Europe,Austria,Denmark,Finland,France,Germany,Greece,Hungary,Iceland,Ireland,Lithuania,Norway,Poland,Portugal,Spain,UK
World,0.0,0.17101731959479102,0.14603462632945202,0.00925860129008531,0.011094243182081959,0.021686586998396935,0.09736867065967857,0.008341045162560741,0.0,0.011094243182081959,0.05387625433604981,0.0,0.007947686227330716,0.011094243182081959,0.00877570741245068,0.04335126865647329,0.014463740815363758,0.01091845714116689
EU,0.0,0.0,0.0744368919293887,0.013168179582241455,0.01602952692803641,0.03006853497814936,0.0,0.011775175727926081,0.006694909613647862,0.01602952692803641,0.051516173482388676,0.005408750348054786,0.011185027956952967,0.01602952692803641,0.01243214419547911,0.09736867065967857,0.01851876229615747,0.01851876229615747
Europe,0.0,0.0852650106979759,0.0,0.011145876595004958,0.013454324035743084,0.0,0.008558376287505762,0.010006014249817258,0.0031496259394509845,0.013454324035743084,0.045428433508037706,0.0025752028922933095,0.009520058869696407,0.013454324035743084,0.010544868890559486,0.04335126865647329,0.036099094693015525,0.014463740815363758
Austria,0.009519313700315966,0.007376327955708301,0.007463511839549662,0.0,0.0,0.04379586829846288,0.027343709399449308,0.0783759809411069,0.0,0.0,0.0,0.0,0.06475327891954712,0.0,0.11636136037825011,0.016506062514836477,0.08331126468706132,0.0
Denmark,0.005978165700129237,0.003977213078280759,0.00442941139228085,0.06105769077457071,0.0,0.031147582801019428,0.02261683016291297,0.046814403010973345,0.0,0.0,0.0392156862745098,0.0,0.04229745484647541,0.0,0.05273170355792596,0.01225396443248219,0.07619781925891203,0.0
Finland,0.01280595502744731,0.011431349436502014,0.011152326500964533,0.0013475637462715675,0.0015723726423656668,0.0,0.01807843515720217,0.0012303068373665728,0.0,0.015026696678108752,0.0432101209893178,0.0,0.0011790137071356608,0.0015723726423656668,0.014382886423835915,0.01807843515720217,0.054583234212689256,0.0
France,0.049407448002289064,0.12902301665211863,0.03649437362097017,0.011145876595004958,0.013454324035743084,0.008155082777453334,0.0,0.010006014249817258,0.0031496259394509845,0.047804092654887755,0.06597991429775243,0.0025752028922933095,0.009520058869696407,0.013454324035743084,0.041674517881450615,0.13770797903341137,0.0,0.014463740815363758
Germany,0.01215314504706174,0.00989290239354901,0.009683613009841496,0.0,0.0,0.0541399023924721,0.03100014618247774,0.0,0.0,0.0,0.0,0.0,0.11877068092275238,0.0,0.0,0.01974340424445873,0.08929443808227377,0.0
Greece,0.002831437978827352,0.0009431126310119327,0.0016894716026142405,0.03860186670149901,0.056805592692216356,0.02081967372300354,0.018568001986998605,0.03232665651764078,0.0,0.056805592692216356,0.0812099892171822,0.058152984385168756,0.029960386550579594,0.056805592692216356,0.03515137116106791,0.008558376287505762,0.07051907948864711,0.0
Hungary,0.005978165700129237,0.05419073096668157,0.03964399956042115,0.06105769077457071,0.0,0.0003797173545217364,0.006458148720416627,0.046814403010973345,0.0,0.0,0.05109763766788722,0.0,0.04229745484647541,0.0,0.05273170355792596,0.0036955881449764268,0.03014849483544594,0.0
Iceland,0.005978165700129237,0.050026537501746855,0.08563940060946305,0.029810082079800054,0.04004573049077827,0.02081967372300354,0.027353593303818213,0.02563174690399294,0.01074993109444157,0.043283072220400474,0.0,0.0337390138393544,0.023977213155367157,0.04004573049077827,0.032089308541933266,0.024591032728378006,0.08929443808227376,0.007768831201715905
Ireland,0.004889891985521823,0.002929264598790419,0.0034862987612688566,0.05144543595745183,0.11082299469542162,0.02749114601799101,0.021201833333744403,0.041118441139339726,0.0,0.11082299469542162,0.0392156862745098,0.0,0.037560691705570165,0.11082299469542162,0.04558409617360675,0.010967696832008033,0.07417551627167554,0.0
Lithuania,0.013568141876230275,0.011240466139820651,0.010862626716977197,0.0,0.0,0.06012307578768454,0.033022449169714245,0.0,0.0,0.0,0.0016649690872565495,0.0,0.0,0.0,0.0,0.021512565722567486,0.09283972175647065,0.0
Norway,0.005978165700129237,0.003977213078280759,0.00442941139228085,0.06105769077457071,0.0,0.031147582801019428,0.02261683016291297,0.046814403010973345,0.0,0.0,0.0392156862745098,0.0,0.04229745484647541,0.0,0.05273170355792596,0.01225396443248219,0.07619781925891203,0.0
Poland,0.03108720631118079,0.033008074859701184,0.026547380737059437,0.0,0.0,0.008155082777453334,0.012954189435061724,0.1175916672156167,0.0,0.11082299469542162,0.014457154285670706,0.0,0.07955499464824259,0.0,0.0,0.009520058869696407,0.03655020404515983,0.0
Portugal,0.062251017258241885,0.05419073096668157,0.04318928323461802,0.015346341264436287,0.018863074383797862,0.00558959880357369,0.0,0.013662451032845689,0.01074993109444157,0.06605641225889534,0.10519560057226224,0.008558376287505762,0.012954189435061724,0.018863074383797862,0.06234395837504482,0.0,0.002360080853661136,0.023255525437062705
Spain,0.041355572674840295,0.03403102827968423,0.03307052745744213,0.0027625605754401697,0.0032373417296222063,0.008155082777453334,0.0688888613015106,0.002516574437840775,0.0,0.016691665765365293,0.04726190562357168,0.0,0.0024093205445022696,0.0032373417296222063,0.009747276774895038,0.04966435166727281,0.0,0.0
UK,0.0018557915382529857,0.0,0.0008321240564649404,0.033865103560593766,0.04719333787509748,0.01775776357372371,0.017337695149631998,0.028781372843443905,0.0919599203116238,0.04719333787509748,0.0812099892171822,0.04335126865647329,0.026810760611128626,0.04719333787509748,0.0310963496802742,0.008558376287505762,0.0688541104013906,0.0
