,World,EU,Europe,Austria,Denmark,Finland,France,Germany,Greece,Hungary,Iceland,Ireland,Lithuania,Norway,Poland,Portugal,Spain,UK
World,0.0,0.0,0.0,0.03610053513113383,0.0043327905484054526,0.00908055126527598,0.005304735918284503,0.0,0.030531001894912455,0.0,0.07964825865531332,0.0,0.01632186591106707,0.04474363897825619,0.06532002049754274,0.010205510948978147,0.008180640447896114,0.004910224299890015
EU,0.0,0.0,0.07023024479743274,0.06053859220086285,0.02395995851270481,0.0,0.0,0.0,0.05036509467092873,0.010290187149789467,0.0,0.0,0.0,0.07524805613677214,0.09853387206658662,0.04657462131629602,0.0,0.0
Europe,0.0,0.0,0.0,0.06799273764133437,0.027328048105659253,0.0,0.0,0.0,0.05566983058921323,0.01265317460689741,0.0,0.0,0.0,0.08548015182214677,0.10876596775196125,0.05402876675676756,0.0,0.0
Austria,0.07500258711327164,0.0,0.0,0.0,0.03116244219988931,0.007345412123284663,0.002525679759749208,0.0,0.06235168318909582,0.09799784467052551,0.04118672019377486,0.0,0.012844760769066292,0.0,0.0,0.05717407000299332,0.006638505740960543,0.009936291006844544
Denmark,0.0,0.0,0.0,0.025868439445759193,0.0,0.0,0.0,0.0,0.030531001894912455,0.047128557861021776,0.0,0.0,0.0,0.023524349598251584,0.028778971845809555,0.01996121550819828,0.0,0.033689196145699575
Finland,0.0,0.06705515963953404,0.04628577368519176,0.054670479832481404,0.02095693125091112,0.0,0.0,0.0,0.045914126029993056,0.008112780232772367,0.0,0.0,0.038461538461538464,0.0677939106963006,0.09107972662611509,0.04070650894791457,0.07686875053839332,0.0
France,0.0,0.021891399147288437,0.018500322953340212,0.042124298195575186,0.01351291615511968,0.03785952311108557,0.0,0.0,0.03570861508101492,0.002449779231162622,0.0,0.0,0.038461538461538464,0.0529657373820601,0.07625155331187453,0.028160327311008385,0.0317049900461477,0.033689196145699575
Germany,0.03654104865173318,0.0,0.0,0.007705807193758602,0.002812088168873034,0.005712461672321508,0.0,0.0,0.009755704559220136,0.03654104865173318,0.026669652844477375,0.0,0.009755704559220136,0.04474363897825619,0.06532002049754274,0.006371116854748113,0.005177613186102464,0.0015421347069355577
Greece,0.07500258711327164,0.0,0.0,0.0,0.038139090600574146,0.007345412123284663,0.002525679759749208,0.0,0.0,0.10396851272229282,0.04118672019377486,0.0,0.012844760769066292,0.0,0.0,0.05717407000299332,0.006638505740960543,0.01637067219295442
Hungary,0.0,0.0,0.0,0.021891399147288437,0.0043327905484054526,0.00908055126527598,0.005304735918284503,0.0,0.01632186591106707,0.0,0.07964825865531332,0.0,0.01632186591106707,0.02750138989672233,0.03436539598914251,0.017182159349662992,0.008180640447896114,0.004910224299890015
Iceland,0.0,0.0,0.0,0.03610053513113383,0.0051255880154656664,0.010931532814331787,0.00839379212813065,0.0,0.030531001894912455,0.0,0.0,0.0,0.02029890620953782,0.04474363897825619,0.06532002049754274,0.012341784906515375,0.009813590898859234,0.006761205848945839
Ireland,0.022023981302435703,0.0,0.0,0.005569533236221372,0.002081895049905142,0.004170326965385968,0.0,0.062406009573779446,0.006976648400684849,0.022023981302435703,0.017242249081533854,0.0,0.006976648400684849,0.005219071142010251,0.06532002049754274,0.004635977712756774,0.003789827834417874,0.0
Lithuania,0.0,0.05253809229023656,0.03927562028903253,0.05214480007273221,0.01956914589922657,0.0013216490588432684,0.002525679759749208,0.0,0.043930713484818806,0.0070849846086568635,0.0,0.0,0.0,0.06470485448645448,0.08799067041626894,0.04070650894791457,0.06235168318909582,0.0015421347069355577
Norway,0.03654104865173318,0.0,0.0,0.17859562080504793,0.029179029654715055,0.005712461672321508,0.0,0.0,0.14586129089484426,0.05616821661603259,0.026669652844477375,0.0,0.009755704559220136,0.0,0.0,0.11643477633054701,0.005177613186102464,0.0047172198648342606
Poland,0.012596577539492181,0.0,0.0,0.12561701499421196,0.03329871615742655,0.0027094344105278593,0.0,0.023944471112240986,0.0928826850840083,0.03222374550379159,0.010232095685374636,0.05297860581083594,0.004450968640935654,0.06868811009049719,0.0,0.10383819879105481,0.002468178775574607,0.003175085157898703
Portugal,0.0,0.0017351391419913056,0.0015421347069355577,0.0,0.025592908963667907,0.012914945359506044,0.011870897270131431,0.0,0.06235168318909582,0.022995257557253863,0.0,0.0,0.024944577751579496,0.0,0.0,0.0,0.011548730040850583,0.01550582424306592
Spain,0.0,0.0,0.07023024479743274,0.06053859220086285,0.02395995851270481,0.0,0.0,0.0,0.05036509467092873,0.010290187149789467,0.0,0.0,0.0,0.07524805613677214,0.09853387206658662,0.04657462131629602,0.0,0.0
UK,0.0,0.06705515963953404,0.04628577368519176,0.03698423870663524,0.02095693125091112,0.0,0.0,0.0,0.028227884904146894,0.03658535621070408,0.0,0.0,0.038461538461538464,0.046574621316296,0.05453867797438191,0.02883561167778314,0.07686875053839332,0.0
