,World,EU,Europe,Austria,Denmark,Finland,France,Germany,Greece,Hungary,Iceland,Ireland,Lithuania,Norway,Poland,Portugal,Spain,UK
World,0.0,0.014185591953529844,0.0,0.03893946554116925,0.030514110987800866,0.0,0.009633482612304775,0.027915162211729794,0.01146492706081519,0.018627445685522118,0.050456100650577755,0.01653946450169448,0.010708486811529066,0.0,0.03952456783624594,0.002525679759749208,0.01667915486329634,0.09549619622391552
EU,0.039991910653330354,0.0,0.08710240409578485,0.012412088681124018,0.021891399147288437,0.05172992184409256,0.018144843082038092,0.0013877853516845798,0.02651614637785847,0.012193064499412208,0.00908055126527598,0.03936465920284833,0.17473396783039083,0.0,0.02228231875471207,0.09770827174892087,0.10378155895908119,0.03309018665013606
Europe,0.054508978002627835,0.014185591953529844,0.0,0.03893946554116925,0.021891399147288437,0.09019146030563104,0.007614614259585208,0.027915162211729794,0.008996748285240596,0.014176477044586458,0.050456100650577755,0.012705070407464384,0.010708486811529066,0.0,0.026927990296753756,0.04251759041307957,0.01667915486329634,0.04251759041307957
Austria,0.039991910653330354,0.009336980814509937,0.08710240409578485,0.0,0.021891399147288437,0.05172992184409256,0.012967229895935677,0.015325237795441506,0.0549108743152337,0.02702123781365274,0.03436539598914251,0.02351611290237933,0.1511006026830929,0.04251759041307957,0.02228231875471207,0.04725217109834317,0.11286211022435719,0.03309018665013606
Denmark,0.0,0.0011563403666138214,0.0,0.0216937379359225,0.0,0.0,0.02835035403101626,0.00775890220643266,0.01146492706081519,0.0344753832541243,0.025862261811958175,0.0887335777165362,0.0,0.00839379212813065,0.0,0.0011100615430751587,0.0,0.0
Finland,0.0929705164641663,0.014185591953529844,0.0,0.03893946554116925,0.025868439445759193,0.0,0.00860568698818928,0.027915162211729794,0.010203395375734748,0.01631275100212372,0.050456100650577755,0.014556051956520226,0.010708486811529066,0.0,0.032514414440086715,0.05703465776237705,0.01667915486329634,0.05703465776237705
France,0.0,0.009336980814509937,0.0,0.00607813512840772,0.015325237795441506,0.0,0.0,0.04311068852729305,0.0026872486398653275,0.0,0.0013216490588432684,0.007619430601682906,0.08741351006072791,0.0,0.0,0.008904907650649501,0.010931532814331787,0.0
Germany,0.039991910653330354,0.03286133041276154,0.08710240409578485,0.0028729325872752193,0.04378279829457688,0.05172992184409256,0.018144843082038092,0.0,0.0549108743152337,0.012193064499412208,0.0,0.010969931265473104,0.13627242936885237,0.0,0.02228231875471207,0.06461808509878483,0.14164108207016674,0.03309018665013606
Greece,0.0,0.009336980814509937,0.0,0.017242249081533854,0.007172241382094234,0.0,0.007614614259585208,0.015325237795441506,0.0,0.0344753832541243,0.024133300303767882,0.029384225270760757,0.018305278456241324,0.00839379212813065,0.06346903894848692,0.008904907650649501,0.010931532814331787,0.0
Hungary,0.0,0.02515552321900295,0.0,0.03893946554116925,0.0017351391419913056,0.0,0.026366941485842014,0.04632945621701746,0.02651614637785847,0.0,0.0918316500358795,0.07802509090500714,0.06747530372930886,0.05703465776237705,0.0,0.008581909503856082,0.02761068767762813,0.0
Iceland,0.013322257808852982,0.054080619792766176,0.01768624112584617,0.06015875492117384,0.01772630907091561,0.015188873192359367,0.026366941485842014,0.08523498672286825,0.03722463318938753,0.005431858650466405,0.0,0.004946168201031753,0.10638083423515964,0.0,0.008960060945859114,0.027927930377150408,0.05425698974933343,0.011870897270131431
Ireland,0.0,0.014556051956520226,0.0,0.020634187084927934,0.003586120691047117,0.0,0.05329493178259576,0.035478323201247684,0.014174361471343063,0.0,0.08521161425773366,0.0,0.06538952875829222,0.0,0.0,0.008904907650649503,0.015051219317043278,0.0
Lithuania,0.054508978002627835,0.00362451914218842,0.0,0.009702654270596144,0.031437972681980564,0.09019146030563104,0.019605735636896195,0.10836537600761516,0.03135652082100607,0.014176477044586458,0.010931532814331787,0.03551337420150665,0.0,0.0,0.026927990296753756,0.09962876155872619,0.0041703269653859685,0.04251759041307957
Norway,0.009345217510382224,0.04295077989389545,0.012099816982513207,0.053148601525014605,0.01129192788480572,0.010543201650317694,0.024515959936786215,0.06799273764133437,0.034135576979541365,0.003970966095608277,0.12520352491106398,0.003624519142188419,0.08819783255233449,0.0,0.006434381186109908,0.020775804920780933,0.04383019116285284,0.00839379212813065
Poland,0.0,0.014185591953529844,0.0,0.03893946554116925,0.06705515963953404,0.0,0.01417387698642981,0.027915162211729794,0.02651614637785847,0.03049834295565355,0.058741463385743466,0.026295169060914617,0.010708486811529066,0.005304735918284503,0.0,0.002525679759749208,0.01667915486329634,0.0
Portugal,0.0,0.0,0.0,0.01878320553587214,0.03610053513113383,0.0,0.019605735636896195,0.007758902206432643,0.02437987242032122,0.018627445685522118,0.017365914000441705,0.1143503554090084,0.0,0.0,0.03952456783624594,0.0,0.0,0.09549619622391552
Spain,0.054508978002627835,0.07802509090500714,0.0,0.009702654270596144,0.09292359908529323,0.09019146030563104,0.019605735636896195,0.0,0.034135576979541365,0.014176477044586458,0.005712461672321508,0.030867702659464976,0.07692307692307693,0.0,0.026927990296753756,0.09962876155872619,0.0,0.04251759041307957
UK,0.0,0.014185591953529844,0.0,0.03893946554116925,0.03610053513113383,0.0,0.01070082798624668,0.027915162211729794,0.012786576119658517,0.021153125445271318,0.05230708219963354,0.01867573845923171,0.010708486811529066,0.0,0.048951971599189445,0.002525679759749208,0.01667915486329634,0.0
