,World,EU,Europe,Austria,Denmark,Finland,France,Germany,Greece,Hungary,Iceland,Ireland,Lithuania,Norway,Poland,Portugal,Spain,UK
World,0.0,0.0,0.0,0.01698596515530285,0.0,0.03258942781189327,0.051717632335658154,0.015928885399817252,0.0,0.050965433929774186,0.04591412602999309,0.11015267581382926,0.02437987242032122,0.02220246009019361,0.01970921123528166,0.0,0.002136273957537215,0.0055581123170705985
EU,0.03927562028903253,0.0,0.0,0.011417775157062238,0.0,0.019744667042827017,0.02702123781365274,0.010775726121055818,0.0,0.02393508120717801,0.025138828694300775,0.03515008870055763,0.01563525402620113,0.014443557883760925,0.011487112831477728,0.0,0.002136273957537215,0.0002533763987860964
Europe,0.029043524603657903,0.061485626403312676,0.0,0.009469818419433394,0.0978108909073139,0.015910272948596944,0.021153125445271318,0.008955622881615373,0.0,0.015981000610236492,0.019834092776016273,0.026527376860045228,0.012786576119658517,0.011860377139837194,0.00877767842094987,0.0,0.061485626403312676,0.0002533763987860964
Austria,0.0,0.0,0.0,0.0,0.0,0.0,0.0,0.09395397630482447,0.0,0.038461538461538464,0.0,0.0,0.0,0.0,0.0,0.0,0.07900502449593053,0.007156886855979726
Denmark,0.033689196145699575,0.09994716486485114,0.0,0.010426702428458228,0.0,0.017761254497652743,0.023932181603806613,0.009850750271409452,0.0,0.019815394704466555,0.022359772535765484,0.030504417158515956,0.014174361471343063,0.013121908824917618,0.010099327479793144,0.0,0.002136273957537215,0.0002533763987860964
Finland,0.0,0.0,0.0,0.03116244219988931,0.0,0.0,0.0,0.02863395580728165,0.0,0.036078276797295,0.0,0.0,0.0549108743152337,0.04633576039396152,0.046637201532035426,0.0,0.013685003998387799,0.0957495726227016
France,0.0,0.0,0.0,0.022417823805769226,0.0,0.05027566893773945,0.0,0.020875053600848986,0.0,0.08987096443562494,0.11533028899993177,0.0,0.034135576979541365,0.030487822825359338,0.028669272181140747,0.0,0.005926101791955089,0.020746985509429963
Germany,0.0,0.0,0.0,0.0,0.0,0.0,0.0,0.0,0.0,0.038461538461538464,0.0,0.0,0.0,0.0,0.0,0.0,0.002136273957537215,0.016385374802517512
Greece,0.02506648430518715,0.0469685590540152,0.09549619622391552,0.008544842569787115,0.05934935244577543,0.01417513380660565,0.018627445685522118,0.008088477481190468,0.0,0.012394879919189384,0.017519398092617856,0.023050271718044416,0.01146492706081519,0.010653730049343021,0.0075161467358694,0.0,0.0469685590540152,0.0002533763987860964
Hungary,0.0,0.0,0.0,0.0051255880154656664,0.0,0.08123029344613966,0.0,0.04531311067057803,0.0,0.0,0.0,0.0,0.04467877862985906,0.006292187141596613,0.0075161467358694,0.0,0.030364158861684115,0.04967447726905929
Iceland,0.0,0.0,0.0,0.02395995851270481,0.0,0.05728582233389868,0.0,0.022262838952533583,0.0,0.10630852159472769,0.0,0.0,0.03722463318938753,0.033013502585108524,0.03144832833967604,0.0,0.007313887143639681,0.026333409652762912
Ireland,0.0,0.0,0.0,0.01824749684038327,0.0,0.03606653295389408,0.06114503609860166,0.017085225766431074,0.0,0.05841957937024571,0.052924279426152306,0.0,0.02651614637785847,0.024053441639249416,0.021692623780455913,0.0,0.002136273957537215,0.008647168526916747
Lithuania,0.0,0.0,0.0,0.04400720296895558,0.0,0.0,0.0,0.0394449983021966,0.0,0.07453981525883346,0.0,0.0,0.0,0.08752248058773639,0.12163978864530706,0.0,0.0244960464933027,0.0002533763987860964
Norway,0.0,0.0,0.0,0.05146134840942712,0.0,0.0,0.0,0.04531311067057803,0.0,0.07453981525883346,0.0,0.0,0.0,0.0,0.0,0.0,0.030364158861684115,0.0002533763987860964
Poland,0.0,0.0,0.0,0.04748430811095637,0.0,0.0,0.0,0.04222405446073189,0.0,0.07453981525883346,0.0,0.0,0.0,0.12598401904927484,0.0,0.0,0.027275102651837985,0.0002533763987860964
Portugal,0.013195587035055715,0.02029890620953782,0.026080033253976818,0.0051255880154656664,0.02280830379404227,0.008151370742164286,0.010342082950356421,0.00486792868274949,0.030564506890386846,0.0,0.009813590898859234,0.012341784906515375,0.00673034637555161,0.006292187141596613,0.002975752361744404,0.0,0.02029890620953782,0.0225248291149945
Spain,0.033689196145699575,0.09994716486485114,0.0,0.010426702428458228,0.0,0.017761254497652743,0.023932181603806613,0.009850750271409452,0.0,0.05827693316600502,0.022359772535765484,0.030504417158515956,0.014174361471343063,0.013121908824917618,0.010099327479793144,0.0,0.0,0.026644515617705963
UK,0.021589379163186356,0.03754115529107169,0.05703465776237705,0.01698596515530285,0.044832285096477964,0.012542183355642512,0.01631275100212372,0.015928885399817252,0.0929705164641663,0.04849541505032321,0.015383124135080604,0.01996121550819828,0.02437987242032122,0.02220246009019361,0.028669272181140747,0.0,0.050940866880978035,0.0
