,World,EU,Europe,Austria,Denmark,Finland,France,Germany,Greece,Hungary,Iceland,Ireland,Lithuania,Norway,Poland,Portugal,Spain,UK
World,0.0,0.0,0.0,0.018143415437436965,0.0,0.033760524375465284,0.05223959623051296,0.017057487119753106,0.0,0.05117108953182889,0.04668454972790091,0.10709241121422236,0.025628962560279158,0.02344285640891461,0.11794610186131209,0.0,0.009796999331244581,0.011772997444951456
EU,0.04151408758667757,0.0,0.0,0.012972953296213676,0.0,0.021833246518475173,0.02930722988865083,0.012272410646617564,0.0,0.033194634261512874,0.02739320220190091,0.03744715175189868,0.01750895976573911,0.016238161502941394,0.11031129620063704,0.0,0.00682073982876433,0.0017341722711018827
Europe,0.0320128558788297,0.06378181651260452,0.0,0.011164136325558254,0.09797979109385303,0.018272737716690114,0.02385826840372518,0.010582314781422799,0.0,0.027457815586084285,0.0224673759920653,0.029440347899994283,0.014863758852520934,0.01383949366929793,0.1077953928194326,0.0,0.035155271460293736,0.00012297163925281324
Austria,0.0,0.0,0.0,0.0,0.0,0.0,0.0,0.08950935724583126,0.0,0.03584674290393777,0.0,0.0,0.0,0.0,0.026723330999680304,0.0,0.08224886945732257,0.014173173716778852
Denmark,0.036326693739296964,0.09949610222689022,0.0,0.012052671476795583,0.0,0.019991506297956218,0.026438820550936538,0.011413504500517362,0.0,0.030246340900606954,0.024812650054689567,0.03313331389143141,0.01615241667908514,0.01501091594830121,0.10902263837407282,0.0,0.00682073982876433,0.00012297163925281324
Finland,0.0,0.0,0.0,0.03130728697883872,0.0,0.0,0.0,0.02885505249811296,0.0,0.019339029204026168,0.0,0.0,0.05397917860555502,0.045852349548127655,0.1429506642797263,0.0,0.021594564709604344,0.06238847701882012
France,0.0,0.0,0.0,0.023187284184298617,0.0,0.050183462563750995,0.0,0.021650357592139773,0.0,0.07213766046479934,0.11114241534284396,0.0,0.034687831079555004,0.031136407520139908,0.12626615845389558,0.0,0.014389869803631165,0.024143665410314923
Germany,0.0,0.0,0.0,0.0,0.0,0.0,0.0,0.0,0.0,0.03584674290393777,0.0,0.0,0.0,0.0,0.018716527147775906,0.0,0.00682073982876433,0.023765479658738983
Greece,0.028319889887392577,0.050301682545399705,0.09636859046200395,0.010305230179458095,0.06226550537956732,0.016661537084841044,0.021512994341100947,0.009777108338171164,0.0,0.024812614672866107,0.020318016643195363,0.026211607410993553,0.013636513297880744,0.012719035656696232,0.10662397054042934,0.0,0.030841433599826464,0.00012297163925281324
Hungary,0.00504386874686166,0.00668802056667133,0.007693551111225303,0.007130208093302555,0.007155392394204417,0.044996068716370394,0.004216080490258972,0.03439924426046831,0.008320056592583462,0.0,0.0040500041286216214,0.00480778367280943,0.03210727893234367,0.00866903152807453,0.016078124762015953,0.012370667965363482,0.04423774376258394,0.04207314765104871
Iceland,0.0,0.0,0.0,0.02461926641216736,0.0,0.056692890717327415,0.0,0.02293901541870397,0.0,0.0790593669452372,0.0,0.0,0.0375562404172693,0.03348168158276416,0.1288467106011069,0.0,0.015678527630195414,0.028457503270782187
Ireland,0.0,0.0,0.0,0.019314837716440283,0.0,0.03698926486446599,0.06099361401038909,0.018131231745894563,0.0,0.05566572294332312,0.05319397788147733,0.0,0.02761264552084944,0.025161624990180684,0.11978784208183105,0.0,0.01087074395738595,0.014353549592162783
Lithuania,0.0,0.0,0.0,0.04323456483582881,0.0,0.0,0.0,0.03889387767196251,0.0,0.047720357030813905,0.0,0.0,0.0,0.08409716115663286,0.21259592374204997,0.0,0.03163338988345389,0.0016112006318490697
Norway,0.0,0.0,0.0,0.05015627131626666,0.0,0.0,0.0,0.04434283915688815,0.0,0.047720357030813905,0.0,0.0,0.0,0.0,0.09636859046200395,0.0,0.03708235136837951,0.0021066545998231255
Poland,0.0011714222790032967,0.0015163111330372147,0.0017187685812660896,0.04323456483582881,0.0016112006318490697,0.0008311897190945656,0.0009911064186603163,0.03889387767196251,0.001841740220518962,0.05572716088271829,0.0009543816509644118,0.0011204580126017005,0.0007157145981870442,0.08409716115663286,0.0,0.0025805521472113515,0.03582514266251432,0.0016112006318490697
Portugal,0.017296913850841967,0.025537004904099304,0.0319107248470609,0.007130208093302555,0.028334531631529374,0.011068042810716942,0.01381944322987564,0.006786598739618727,0.03670138441937122,0.015411960527670085,0.013162624248990961,0.01626801251457372,0.009240116947278823,0.00866903152807453,0.10240789005017037,0.0,0.018470765634462986,0.024589742794112263
Spain,0.036326693739296964,0.09949610222689022,0.0,0.012052671476795583,0.0,0.019991506297956218,0.026438820550936538,0.011413504500517362,0.0,0.030246340900606954,0.024812650054689567,0.03313331389143141,0.01615241667908514,0.01501091594830121,0.028141834570844054,0.0,0.0,0.02914923678686722
UK,0.025091149398391837,0.04154766476552361,0.06065430474771824,0.013927334947178044,0.04878537141236251,0.015145225951803837,0.019363634992230976,0.013160945797854859,0.09464982188073785,0.01767676274102707,0.018334333682625086,0.02334319807327928,0.018940941993607827,0.017526819329505637,0.029271062510533425,0.0,0.04733402706193258,0.0
