,World,EU,Europe,Austria,Denmark,Finland,France,Germany,Greece,Hungary,Iceland,Ireland,Lithuania,Norway,Poland,Portugal,Spain,UK
World,0.0,0.07836953615602577,0.0,0.0,0.0,0.07973224890766006,0.0,0.0,0.06118497294193881,0.00012010489360670209,0.02183165577706554,0.019460007590131754,0.0,0.029116769333791346,0.0,0.051548815658287984,0.0345603342526455,0.0
EU,0.008061177439682229,0.0,0.008061177439682229,0.011217136179366212,0.032875961238281994,0.013711279263066197,0.028350216045275854,0.014898246017198493,0.007070713241043406,1.331735156819501e-05,0.012719035656696232,0.025376044669540732,0.02032772777962498,0.025255184138129882,0.014898246017198493,0.12266958850507521,0.07417940955827053,0.007903406150466684
Europe,0.0,0.07836953615602577,0.0,0.0,0.0,0.07973224890766006,0.0,0.0,0.06118497294193881,0.00012010489360670209,0.02183165577706554,0.019460007590131754,0.0,0.029116769333791346,0.0,0.051548815658287984,0.0345603342526455,0.0
Austria,0.03857526996581793,0.05200300307132019,0.03857526996581793,0.0,0.0,0.08648350601552521,0.0,0.0,0.030458371052526776,0.0023545138515402323,0.038930643067689785,0.03306959578076601,0.0,0.06625211494045524,0.0,0.03085809110034108,0.018813445166698313,0.06099361401038909
Denmark,0.012654047912068873,0.033630474497749537,0.012654047912068873,0.01837252857357066,0.0,0.026875150804467948,0.0928080816602189,0.0259212220537491,0.010967254562941682,0.013287593364290745,0.04908109003712838,0.03799542199060161,0.040031353632486395,0.13577426240157073,0.0259212220537491,0.017341757140715154,0.01837252857357066,0.01381944322987564
Finland,0.08051304756576028,0.0547643507695585,0.08051304756576028,0.0,0.0,0.0,0.0,0.0,0.049488150940981766,0.0006607897478279112,0.018883362416159555,0.01694410420892732,0.0,0.024622135922297155,0.0,0.03747171678364573,0.02532967159524999,0.0
France,0.013942705738633085,0.03466124593060504,0.013942705738633085,0.020521887922440602,0.0,0.029663676118990644,0.0,0.029614188045186226,0.01204099918908313,0.00822870290760576,0.05277405602856552,0.041688387982038735,0.04878537141236251,0.13946722839300787,0.029614188045186226,0.017341757140715154,0.020521887922440602,0.015538211811141749
Germany,0.029897567991891597,0.04645881130896486,0.029897567991891597,0.06000250759172876,0.0,0.06545784585646797,0.0,0.0,0.024483588522567577,0.005320074597463518,0.045852349548127655,0.03799542199060161,0.0,0.11544653462194578,0.0,0.02601181075418867,0.014736262025611381,0.04054277422955593
Greece,0.0,0.1428274017709688,0.0,0.0,0.0,0.08621056527972455,0.0,0.0,0.0,0.001663595039109159,0.016238161502941394,0.01465222391732236,0.0,0.020796712741207916,0.0,0.0763134932995884,0.048664287931264885,0.0
Hungary,0.00327610096654662,0.0055726235769129225,0.00327610096654662,0.004396396350601918,0.0,0.008866433256103996,0.0,0.005593494274124116,0.0029060771232594608,0.0,0.01710097465589882,0.020332039665710802,0.04878537141236251,0.007960598837456112,0.005593494274124116,0.0032679472648845433,0.05124848981185265,0.004216080490258972
Iceland,0.011426802357428646,0.010691931464989372,0.011426802357428646,0.016388845613000365,0.032875961238281994,0.02422994989124977,0.028350216045275854,0.014898246017198493,0.009936483130086198,0.025855841934670228,0.0,0.12174463513154467,0.02032772777962498,0.009304751743074362,0.014898246017198493,0.056099246677947995,0.03266532197159293,0.015538211811141749
Ireland,0.010255380078425374,0.010691931464989372,0.010255380078425374,0.014547105392481408,0.041629979018158104,0.021714046510045285,0.03485964419885228,0.01724352007982275,0.008945376711425862,0.03172114269574417,0.0,0.0,0.024020693771062116,0.011650025805698643,0.01724352007982275,0.06485326445782412,0.03635828796303004,0.01381944322987564
Lithuania,0.018247542186192973,0.03802687084835145,0.018247542186192973,0.028316123469990493,0.0,0.039069450457897975,0.0,0.045624847906610526,0.01556012503532831,0.00822870290760576,0.0687847158899898,0.057699047843463025,0.0,0.15547788825443218,0.045624847906610526,0.01841550176685656,0.011217136179366214,0.021512994341100947
Norway,0.023419251619827077,0.0433312995440786,0.023419251619827077,0.03955166781089562,0.0021493593488699633,0.05058842475021253,0.001983682960570271,0.001288657826564252,0.019637308176415184,0.00822870290760576,0.045852349548127655,0.04086383132831589,0.0016112006318490697,0.0,0.001288657826564252,0.025372644788535976,0.013948794823817,0.032535970377651546
Poland,0.02540293458039739,0.0433312995440786,0.02540293458039739,0.04473906165827622,0.0,0.05508305816170676,0.0,0.0,0.02115361930945239,0.00822870290760576,0.045852349548127655,0.03799542199060161,0.0,0.11544653462194578,0.0,0.023223285439666015,0.012337594191967914,0.032535970377651546
Portugal,0.012654047912068873,0.0009911064186603163,0.012654047912068873,0.01837252857357066,0.0,0.01579342931736709,0.0928080816602189,0.0259212220537491,0.010967254562941682,0.00012010489360670209,0.018239656437301924,0.013578479291180922,0.040031353632486395,0.03940567193956679,0.0259212220537491,0.0,0.10914648134458448,0.01381944322987564
Spain,0.018247542186192973,0.008176028083784922,0.018247542186192973,0.028316123469990493,0.0,0.028577869024001893,0.0,0.045624847906610526,0.01556012503532831,0.03812627089949732,0.0418157287580217,0.03664773006178874,0.0,0.06465348955478355,0.045624847906610526,0.0010737446261414054,0.0,0.02151299434110095
UK,0.051769467665102924,0.05907818863002576,0.051769467665102924,0.0,0.0,0.12294500565778264,0.0,0.0,0.03825260660007666,0.0006607897478279112,0.031136407520139908,0.027094813250806832,0.0,0.0458012751596221,0.0,0.03683287363030028,0.02365972551285068,0.0
