,World,EU,Europe,Austria,Denmark,Finland,France,Germany,Greece,Hungary,Iceland,Ireland,Lithuania,Norway,Poland,Portugal,Spain,UK
World,0.0,0.0,0.0,0.026766274143238476,0.024977472617769624,0.032803645115151034,0.04226823595725506,0.0,0.023580108194300592,0.01528787011100327,0.018648221673525058,0.0,0.0,0.039333097231527135,0.0,0.050183462563750995,0.021650357592139773,0.019709070068099823
EU,0.04054277422955593,0.0,0.0,0.017289728262044453,0.01698531051000201,0.02115361930945239,0.02540293458039739,0.0,0.017238223774073913,0.008945985690776696,0.0048792035960159765,0.0,0.0,0.024177078885536264,0.0,0.02831156289053965,0.015035609268237304,0.013850248968822868
Europe,0.04054277422955593,0.0,0.0,0.017289728262044453,0.01698531051000201,0.02115361930945239,0.02540293458039739,0.0,0.017238223774073913,0.008945985690776696,0.0048792035960159765,0.0,0.0,0.024177078885536264,0.0,0.02831156289053965,0.015035609268237304,0.013850248968822868
Austria,0.02385826840372518,0.03911541975303409,0.03911541975303409,0.0,0.02202917925686367,0.014332879480688109,0.016731231053155778,0.05173366477326846,0.029762004869719416,0.03615807514537144,0.01107405721540632,0.0,0.04433619008004624,0.01605707609099616,0.0,0.018272737716690114,0.01925168975849625,0.017604554009102942
Denmark,0.0,0.0,0.0,0.014773824880840013,0.0,0.0,0.0,0.0,0.06392277350197485,0.05563053541867755,0.011858710310298351,0.0,0.0,0.0,0.0,0.0,0.06727520549875032,0.05284238395953123
Finland,0.0,0.0,0.0,0.0703799361219669,0.05331200424929902,0.0,0.0,0.0,0.04205087382876351,0.033758635745466226,0.0034253493940540358,0.0,0.0,0.0,0.0,0.0,0.04147442981917388,0.03597708258267357
France,0.0,0.0,0.0,0.045615258480666485,0.0392080505706796,0.06118497294193881,0.0,0.0,0.03373081723618008,0.025438579152882782,0.0031604350147498715,0.0,0.0,0.1169851605457552,0.0,0.0,0.03241556129989799,0.028821690188469164
Germany,0.032535970377651546,0.06785899965369144,0.06785899965369144,0.014773824880840013,0.01479110787125888,0.01820532594854646,0.02157751139930812,0.0,0.01542940680341858,0.007137168720121288,0.0015492343829008163,0.0,0.10228462754141288,0.020616570083751205,0.0,0.02381692947904543,0.013160945797854859,0.012160153103628103
Greece,0.010691931464989372,0.014898246017198493,0.014898246017198493,0.0224673759920653,0.005972103165867488,0.007070713241043406,0.008061177439682229,0.017178871313815913,0.0,0.03128282499243532,0.0047924710406620115,0.028350216045275854,0.01595486225325849,0.007788233272535897,0.0250045624184142,0.008669374977073473,0.0054121960891982965,0.04047171599416776
Hungary,0.021512994341100947,0.0339280259056535,0.0339280259056535,0.041497155880520324,0.010894566549360565,0.01316145720168482,0.01529924882528703,0.04297964699339235,0.0022097109404520536,0.0,0.031984242714135365,0.0,0.03782676192646982,0.014700533004342237,0.0,0.016661537084841044,0.009777108338171164,0.028821690188469164
Iceland,0.021512994341100947,0.0339280259056535,0.0339280259056535,0.07233858948034678,0.01479110787125888,0.01820532594854646,0.01529924882528703,0.04297964699339235,0.02888453689002767,0.025438579152882786,0.0,0.0,0.03782676192646982,0.020616570083751205,0.0,0.016661537084841044,0.013160945797854859,0.012160153103628103
Ireland,0.019363634992230976,0.029614188045186226,0.029614188045186226,0.018334333682625086,0.010006031398123259,0.01204099918908313,0.013942705738633085,0.036470218839815924,0.011395478571162798,0.036470218839815924,0.03574720896414935,0.0,0.03263936807908923,0.013411875177777999,0.09464982188073785,0.015145225951803837,0.008996309680070834,0.00836443706182407
Lithuania,0.03622893636908866,0.10357328536797716,0.10357328536797716,0.016001070435480193,0.01586485249740028,0.019637308176415184,0.023419251619827077,0.0,0.016317941954655853,0.008025703871358663,0.0031604350147498715,0.0,0.0,0.022335338665017315,0.0,0.025966288827915397,0.014081227617272872,0.012991342822722652
Norway,0.0,0.0,0.0,0.05511649018851437,0.045305200397394635,0.08341912468901971,0.0,0.0,0.037556240417269286,0.029264002333972028,0.0031604350147498715,0.0,0.0,0.0,0.0,0.0,0.03654860360933828,0.03215165940158433
Poland,0.021512994341100947,0.0339280259056535,0.0339280259056535,0.020318016643195363,0.010894566549360565,0.01316145720168482,0.01529924882528703,0.04297964699339235,0.012153305836871898,0.006278262574021136,3.2923249863601424e-05,0.0,0.03782676192646982,0.014700533004342237,0.0,0.016661537084841044,0.009777108338171164,0.009080151660011122
Portugal,0.0,0.0,0.0,0.03869355200022863,0.034282224360843994,0.049488150940981766,0.08051304756576026,0.0,0.03040084802306487,0.022108609939767612,0.0415805880153872,0.0,0.0,0.06779074086426469,0.0,0.0,0.02885505249811296,0.025873396827563212
Spain,0.0,0.0,0.0,0.00885778780143108,0.0,0.0,0.0,0.0,0.1283806391169179,0.12008840103362062,0.03222699160099684,0.0,0.0,0.0,0.0,0.0,0.0,0.07760706160083165
UK,0.0,0.0,0.0,0.005170462141223329,0.0,0.0,0.0,0.0,0.009943594896419843,0.006278262574021136,0.00312751176488627,0.0,0.0,0.0,0.0,0.0,0.0,0.0
