,World,EU,Europe,Austria,Denmark,Finland,France,Germany,Greece,Hungary,Iceland,Ireland,Lithuania,Norway,Poland,Portugal,Spain,UK
World,0.0,0.1772440284279009,0.15088718878311924,0.013061579298691941,0.015422964583826058,0.016497121264951047,0.04514230262695618,0.011858064263516554,0.04598437481201684,0.01870657454763558,0.0106388176899111,0.0430276325104867,0.011337060211275802,0.015422964583826058,0.016118171863305508,0.04514230262695618,0.016140857262129504,0.017409877968635603
EU,0.0,0.0,0.07190097313832676,0.016686824624145828,0.01999931860280197,0.013041864204973563,0.0060236013899436685,0.01504243987867347,0.055479826769836496,0.02328292856661151,0.009326729721045724,0.05133046405839278,0.014338958906016431,0.01999931860280197,0.01950868597120459,0.054055484366466414,0.02058741193834488,0.02445743365780869
Europe,0.0021884386097585085,0.09449550132676833,0.0,0.014811598217799257,0.01761140319358455,0.005267365614630201,0.01166859663888726,0.013401944689881706,0.06562647411121686,0.01870657454763558,0.0057436197685051815,0.06213708498414049,0.012795078479651289,0.01761140319358455,0.014574291436940352,0.028840539858960536,0.028373377580162486,0.020697322830163612
Austria,0.019166826742657753,0.014280806034445294,0.009798384327748788,0.0,0.0,0.03999050678947471,0.030583909563879623,0.07679955016725931,0.04820062655767574,0.003283609963809489,0.05223164366304175,0.0585435171089533,0.06401133707133096,0.0,0.05024958689637744,0.02300565685016306,0.05980868825053113,0.0
Denmark,0.01588321677884827,0.011128899511739754,0.006984945731190403,0.06109346227521474,0.0,0.030965006704790517,0.026200803362727752,0.047533359722953666,0.0690232997890695,0.003283609963809489,0.08645250003933579,0.06745669884846353,0.04318866383993722,0.0,0.036815494693469106,0.019062802264707298,0.05321258430806547,0.0
Finland,0.02732573118278083,0.02514067007743619,0.022251981327474427,0.005725889939882862,0.006593593719725505,0.0,0.019062802264707298,0.005264470543791025,0.028824850671248823,0.01819715475004196,0.0998773644878202,0.027258249730642854,0.0050606547834586195,0.006593593719725505,0.02024559262382417,0.019062802264707298,0.05849429440721661,0.0052657405142456605
France,0.0489501805265327,0.13830385660833194,0.03671791070688416,0.014811598217799257,0.01761140319358455,0.0023271123945856078,0.0,0.013401944689881706,0.03488557318604393,0.05788219223740552,0.02028766440530869,0.031396184058967595,0.012795078479651289,0.01761140319358455,0.05343396251153442,0.14551727606192352,0.0061321743236337255,0.020697322830163612
Germany,0.02160910671873114,0.01661435687680672,0.01185702359474671,0.0,0.0,0.047006266222827685,0.03397442367177871,0.0,0.04004824445391854,0.005725889939882851,0.054565194505403196,0.04663402561706977,0.1141002007470304,0.0,0.0036879612180421586,0.026007555544903693,0.06535672176245538,0.0
Greece,0.022933459906668698,0.016251409836323095,0.013279752663315516,0.028830962078535777,0.03698717908001145,0.036232211850705826,0.03128191379124131,0.025263789146593014,0.0,0.028830962078535777,0.09405364993607036,0.061757110288585854,0.02381288795351033,0.03698717908001145,0.021383912377551162,0.022839809462774825,0.06876951702521357,0.0016404951887917796
Hungary,0.008679391482711702,0.03676079959239052,0.029514085410747577,0.06109346227521474,0.0,0.0006249717310977805,0.014338958906016422,0.047533359722953666,0.03676079959239052,0.0,0.09349047794808402,0.035194198651784574,0.04318866383993722,0.0,0.05687736828910981,0.008775413132231335,0.03383680842163856,0.0
Iceland,0.01588321677884827,0.04241416689005019,0.09488434311549307,0.0321184069400638,0.04226888917916262,0.031664563776169684,0.028828274639888393,0.02789126042375365,0.06007844059929258,0.03456068691613716,0.0,0.0910344369532335,0.026200803362727742,0.04226888917916262,0.026588037916197835,0.026266627560843865,0.062436159527691756,0.0052657405142456605
Ireland,0.024842208167421706,0.018093114388263106,0.0149459014831589,0.03587851776770886,0.04889667057189498,0.041236138905823845,0.033724193767314614,0.030811822658517275,0.0,0.03587851776770886,0.09913201892139632,0.0,0.028828274639888386,0.04889667057189498,0.025592100910799415,0.025073906694949653,0.07216003113311263,0.0016404951887917796
Lithuania,0.022921194687596524,0.017863915986985848,0.012950290850454344,0.0,0.0,0.050901242552663956,0.035849650078125274,0.0,0.03676079959239052,0.007037977908748222,0.05581475361558229,0.04224175434095766,0.0,0.0,0.0036879612180421586,0.02764805073369546,0.06864416662398341,0.0
Norway,0.01588321677884827,0.011128899511739754,0.006984945731190403,0.06109346227521474,0.0,0.030965006704790517,0.026200803362727752,0.047533359722953666,0.0690232997890695,0.003283609963809489,0.08645250003933579,0.06745669884846353,0.04318866383993722,0.0,0.036815494693469106,0.019062802264707298,0.05321258430806547,0.0
Poland,0.023490989700510983,0.024616662138000567,0.02068471454664703,0.0,0.0,0.004569915571200079,0.01881867986959494,0.11316318653089569,0.024616662138000567,0.07153507962346828,0.06315044297439136,0.027258249730642854,0.07773656438339403,0.0,0.0,0.012795078479651292,0.040871945031506346,0.0
Portugal,0.060859672018416244,0.05348233665682691,0.0429259178031758,0.01870657454763558,0.02262678987996261,0.0023271123945856078,0.0,0.016792458797780775,0.04582810520505334,0.0748070704156671,0.06675128275555423,0.04083919390072818,0.015979454094808197,0.02262678987996261,0.07260017096923087,0.0,0.011459329926132876,0.02884970493392082
Spain,0.06304811062817473,0.050220376481165466,0.04613866073816462,0.007037977908748239,0.00813747414609063,0.01935007906768963,0.08170318507416104,0.006457191409685307,0.0136557274537376,0.02903248730348469,0.10043482300974797,0.012089126513131687,0.006201484759925823,0.00813747414609063,0.023828702576364706,0.06387682159514056,0.0,0.0072854904377354065
UK,0.012060651646926704,0.007440938293697556,0.003649279292524795,0.03587851776770886,0.04889667057189498,0.02093423333203441,0.021305605441321807,0.030811822658517275,0.16351880111583783,0.03587851776770886,0.11211570496866777,0.11548858182498634,0.028828274639888386,0.04889667057189498,0.025592100910799415,0.014586471435003584,0.04640296336745467,0.0
