,World,EU,Europe,Austria,Denmark,Finland,France,Germany,Greece,Hungary,Iceland,Ireland,Lithuania,Norway,Poland,Portugal,Spain,UK
World,0.0,0.0581914428419823,0.05592692189072064,0.02728535203713499,0.00639403901674658,0.012828336811215299,0.1288467106011069,0.0,0.023919727119388615,0.0,0.08632976528815442,0.0,0.0333690116516615,0.03154486395899123,0.03847792318475418,0.011646313115953757,0.011646313115953755,0.009112620120369288
EU,0.01410395367861941,0.0,0.07025766748733492,0.0709936422625557,0.019314837716440283,0.004396396350601918,0.0041646361177839555,0.019703625852861416,0.06281004129973965,0.0264098917644487,0.012370667965363479,0.024764677641300418,0.01089792296985124,0.08438180370328406,0.106615955450365,0.05741007914800454,0.0040500041286216214,0.002291880291604992
Europe,0.01410395367861941,0.0,0.0,0.07791534874299354,0.02183074109764469,0.004396396350601918,0.006039299588166408,0.019703625852861416,0.06773586750957526,0.02860409440319187,0.012370667965363479,0.024764677641300418,0.01089792296985124,0.09388303541113195,0.11611718715821284,0.06433178562844238,0.0040500041286216214,0.003463302570608289
Austria,0.0837492131409431,0.008735944873859595,0.006614748323902452,0.0,0.02461926641216736,0.011217136179366214,0.02398153091248263,0.0,0.06194799566135346,0.10785271660513224,0.05061547957386871,0.0,0.02887437824016725,0.0,0.0,0.06194799566135346,0.010214330888085004,0.02043475144125205
Denmark,0.0,0.01113461270750302,0.01220824259802657,0.01351633395962592,0.0,0.0,0.009134922065823687,0.0,0.016125491571838724,0.04651299660340219,0.0,0.0,0.0,0.012828336811215299,0.014284329554003413,0.011646313115953757,0.0,0.03744715175189866
Finland,0.0,0.12197325935458682,0.10026311197076697,0.04912174258934436,0.02183074109764469,0.0,0.05827889581867935,0.0,0.0422540608020137,0.010284060234313467,0.0,0.0,0.03571428571428571,0.057756471369984796,0.06576327522188916,0.04093814162652829,0.07542812962855824,0.0011204580126017005
France,0.002868409337714288,0.08878949953452056,0.08321635407106666,0.040700457272646456,0.013927334947178044,0.035237829950428345,0.0,0.0036929659914371293,0.03600625540982042,0.007893968641961546,0.0025805521472113515,0.004313837860467271,0.04593615958179846,0.04768041928391282,0.0571816509917607,0.0316333898834539,0.030261611539615183,0.03313331389143141
Germany,0.04803492742665737,0.05540291752745963,0.053411018509516246,0.01018636474651074,0.0049819582357522076,0.009700825046329041,0.1239208843912713,0.0,0.011992449262398463,0.04803492742665737,0.0371353456066639,0.0,0.024741335930726964,0.03154486395899123,0.03744715175189868,0.00885778780143108,0.00885778780143108,0.006164326759463359
Greece,0.0837492131409431,0.012423270534067285,0.010302073984110162,0.0,0.029465546758319756,0.011217136179366214,0.028286367360042516,0.0,0.0,0.11339690836748757,0.05061547957386871,0.0,0.02887437824016725,0.0021045160589969213,0.0022918802916049915,0.06194799566135346,0.010214330888085004,0.026409533971211256
Hungary,0.0,0.042180782980557975,0.039916262029296344,0.01949111648958512,0.00639403901674658,0.012828336811215299,0.07089827313974027,0.0,0.016125491571838724,0.0,0.08632976528815442,0.0,0.0333690116516615,0.02286716198506487,0.02724237884384906,0.016492593462106117,0.011646313115953755,0.010723820752218397
Iceland,0.0,0.05970775397501949,0.057283464977374625,0.02728535203713499,0.007130208093302555,0.014547105392481408,0.13171511993882118,0.0,0.023919727119388615,0.0,0.0,0.0,0.03829483786149709,0.03154486395899123,0.0395516678108956,0.013162624248990961,0.013162624248990961,0.010723820752218397
Ireland,0.03455479345945257,0.054114259700895374,0.05223959623051296,0.008670053613473514,0.004303921768139135,0.008268842818460251,0.12177152504240132,0.07765206331422804,0.010150709041879515,0.03455479345945257,0.028381327826787785,0.0,0.020915912749637746,0.008268842818460251,0.03744715175189868,0.0075691299748668365,0.0075691299748668365,0.00480778367280943
Lithuania,0.0,0.10849312538738201,0.09375368381719053,0.04677646852672011,0.020542083271080477,0.0010307714328555042,0.05999766439994545,0.0,0.04041232058149473,0.009329678583349066,0.0,0.0,0.0,0.05488806203227052,0.06289486588417487,0.03859286756390403,0.061947995661353464,0.0022918802916049915
Norway,0.04803492742665737,0.005185199148462547,0.003193300130519108,0.18061802596644183,0.023187284184298617,0.009700825046329041,0.01912035346865395,0.0,0.15148508065051833,0.0690109191259602,0.0371353456066639,0.0,0.024741335930726964,0.0,0.0,0.12228022308980904,0.00885778780143108,0.015588471095099685
Poland,0.025800775679576445,0.0038965413218982957,0.0020218778515158115,0.13142360628495134,0.026135577545204607,0.006912299731806306,0.014987311159213703,0.04193777759994233,0.1022906609690278,0.04677676737887928,0.021871899673211362,0.07395909732279092,0.0173554039478527,0.07348264155893357,0.0,0.11058340108885203,0.006341884420226639,0.012799945780577015
Portugal,0.0,0.013295438866614601,0.01069193146498938,0.0,0.020542083271080477,0.016388845613000365,0.03265923288640899,0.0,0.06194799566135346,0.024103503464189133,0.0,0.0,0.043743799346422724,0.0011204580126017005,0.0032249740715986053,0.0,0.014773824880840013,0.02560646087488618
Spain,0.0,0.054114259700895374,0.12249726371784787,0.05457070407426998,0.02461926641216736,0.0,0.046582073817722336,0.0,0.046387103111453915,0.012305938085829289,0.0,0.0,0.0,0.06467817785042264,0.07268498170232703,0.046387103111453915,0.0,0.0011204580126017005
UK,0.0,0.10226963350172541,0.08055948611790553,0.039178147692924534,0.02183074109764469,0.0,0.03857526996581793,0.0,0.032310465905593846,0.027664012265974192,0.0,0.0,0.03571428571428571,0.04673349533343416,0.051659321543269764,0.033244590515303,0.07542812962855824,0.0
