,World,EU,Europe,Austria,Denmark,Finland,France,Germany,Greece,Hungary,Iceland,Ireland,Lithuania,Norway,Poland,Portugal,Spain,UK
World,0.0,0.014898246017198493,0.0,0.031136407520139908,0.024416942699420713,0.0,0.010305230179458095,0.02338765781148336,0.01191929404547613,0.021512994341100947,0.041215206078680296,0.015950432395055517,0.012748886668328534,0.10026840852645988,0.04297964699339235,0.007634805660675049,0.01626801251457372,0.09636859046200395
EU,0.04545540219924733,0.0,0.0908243986996486,0.012719035656696232,0.06622837824042144,0.05709379594593319,0.019314837716440283,0.004970285948039716,0.02313643022484236,0.015538211811141749,0.01202314785874041,0.05098866900700273,0.20954523856959792,0.08696678323971319,0.02696898713196805,0.10809300271205513,0.10709241121422236,0.03842015300063733
Europe,0.058935536166452133,0.014898246017198493,0.0,0.031136407520139908,0.01949111648958512,0.0928080816602189,0.008668834017111897,0.02338765781148336,0.009973805975851378,0.0173799520316607,0.03808769431379403,0.013161907080532843,0.012748886668328534,0.0967078997246748,0.03128282499243532,0.028325530218621955,0.01626801251457372,0.04717417078051345
Austria,0.04545540219924733,0.0125665949353718,0.0908243986996486,0.0,0.07030556138150836,0.05709379594593319,0.009474040460363601,0.019824072227034077,0.1011266591979142,0.019363634992230976,0.03263936807908922,0.014518450167186761,0.13484633144178795,0.08288845649479916,0.02696898713196805,0.061240909250804394,0.11992074802543766,0.03842015300063733
Denmark,0.0,0.006258943774603969,0.0,0.032922667328772144,0.0,0.0,0.026135577545204607,0.015694106700258028,0.04763357975976184,0.03622893636908866,0.030926303472904842,0.0968312361982843,0.011104230568119055,0.07271506671416184,0.0,0.0027631986216198035,0.007915522196847087,0.0
Finland,0.09464982188073785,0.014898246017198493,0.0,0.031136407520139908,0.021836390552209376,0.0,0.009474040460363601,0.02338765781148336,0.010928187626815819,0.019363634992230976,0.039604005446831195,0.014518450167186761,0.012748886668328534,0.09842666830594088,0.036470218839815924,0.03263936807908922,0.01626801251457372,0.06065430474771824
France,0.0,0.00726216623964468,0.0,0.00517011869222449,0.010765203707758247,0.0,0.0,0.045624847906610526,0.0048888880386493425,0.0,0.004785076473135631,0.014230577952909971,0.05929343690133465,0.007903406150466682,0.0,0.006979279111878727,0.008268842818460251,0.0
Germany,0.04545540219924733,0.03441063384803396,0.0908243986996486,0.00517011869222449,0.09214960029417052,0.05709379594593319,0.030584758877520806,0.0,0.040235417515466644,0.015538211811141749,0.0031653600573093525,0.024622135922297155,0.11975496186180393,0.0756446519188304,0.02696898713196805,0.07736640082264312,0.14664407902511797,0.03842015300063733
Greece,0.0,0.009778069620849124,0.0,0.01668450582583075,0.04683195184026815,0.0,0.00567832441855956,0.014898246017198493,0.0,0.03622893636908866,0.01595486225325849,0.034565730818717,0.027140003764370514,0.015487786658775175,0.06521379874047326,0.00815070139088202,0.011217136179366214,0.0
Hungary,0.0,0.02898115208560749,0.0,0.031136407520139908,0.0471893082873607,0.0,0.023187284184298617,0.046080139376231725,0.081084867686209,0.0,0.07963535907931758,0.0458012751596221,0.04851656615363357,0.15736220447239305,0.0,0.01701275260619725,0.03081511790705513,0.0
Iceland,0.02069072455794692,0.06686314636922393,0.02636653308470556,0.05016618740859492,0.06795428887219937,0.02316282219789525,0.018143415437436965,0.09322967945392945,0.07594970322975236,0.009259949237120578,0.0,0.011873249253968621,0.09827674324025319,0.07142857142857142,0.014598319166604588,0.04329697143826831,0.06550170758434418,0.018716527147775906
Ireland,0.0,0.020058076194742338,0.0,0.018883362416159555,0.04463774920152501,0.0,0.04036615549811455,0.04074880075268925,0.04973809581875872,0.0,0.08487175225988872,0.0,0.047431125006630506,0.062153106265222254,0.0,0.01202314785874037,0.023180312246380088,0.0
Lithuania,0.058935536166452133,0.002865769889042816,0.0,0.010614519597699322,0.10971281308723119,0.0928080816602189,0.07726327517780691,0.10966402932861859,0.0283081396584765,0.0173799520316607,0.010939226705404717,0.04309863793100392,0.0,0.047922528312312286,0.03128282499243532,0.1098763146783029,0.0032249740715986053,0.04717417078051345
Norway,0.013769018077509075,0.05134090118717767,0.016865301376857694,0.05016618740859492,0.05999582338166988,0.015156018345990849,0.018143415437436965,0.07203162574512458,0.0705007417448267,0.006614748323902452,0.12157313667925994,0.009474581420325121,0.07575665522525248,0.0,0.010103685755110356,0.03342697159692447,0.051505842465002075,0.01261937732106091
Poland,0.0,0.018794787339096786,0.0,0.043507075485503394,0.0385208963780401,0.0,0.013927334947178044,0.02898115208560747,0.05885071593912808,0.032535970377651546,0.04890875718990558,0.022638452961726847,0.020308658796394742,0.10932727704573572,0.0,0.008523340811912385,0.019492986586172326,0.0
Portugal,0.0,0.001288657826564252,0.0,0.017526819329505637,0.07942257593970642,0.0,0.018143415437436965,0.009778069620849124,0.021620119091805164,0.021512994341100947,0.02249867893090439,0.12061824405557987,0.0,0.06313306291979595,0.04297964699339235,0.0,0.0035191258462451682,0.09636859046200395
Spain,0.058935536166452133,0.07634841144797629,0.0,0.010614519597699322,0.13778034388555,0.0928080816602189,0.023187284184298617,0.002865769889042816,0.0283081396584765,0.0173799520316607,0.010939226705404717,0.04309863793100392,0.059293436901334665,0.047922528312312286,0.03128282499243532,0.1098763146783029,0.0,0.04717417078051345
UK,0.0,0.015818527836616532,0.0,0.03371695966735127,0.02728535203713499,0.0,0.011164136325558254,0.02467631563804761,0.012950065478331623,0.02385826840372518,0.04293397465994639,0.01746674352809274,0.012748886668328534,0.10225209148703014,0.05173366477326846,0.007634805660675049,0.01626801251457372,0.0
