,World,EU,Europe,Austria,Denmark,Finland,France,Germany,Greece,Hungary,Iceland,Ireland,Lithuania,Norway,Poland,Portugal,Spain,UK
World,0.0,0.0,0.0,0.01812147245758748,0.023692053626586673,0.03170895043740441,0.0416453161824594,0.0,0.010090760441419992,0.003769499907875955,0.011078305887338574,0.0,0.0,0.038539909909798026,0.0,0.05010774905726938,0.02035191173519563,0.018424461735956663
EU,0.03799938901433191,0.0,0.0,0.014133702599588219,0.014740832065887001,0.018660921535021968,0.02275617864037881,0.0,0.002987849890766228,0.0,0.00011337617100817166,0.0,0.0,0.0215651693622883,0.0,0.025611221423272653,0.012943393612424876,0.01186258210476637
Europe,0.03799938901433191,0.0,0.0,0.014133702599588219,0.014740832065887001,0.018660921535021968,0.02275617864037881,0.0,0.002987849890766228,0.0,0.00011337617100817166,0.0,0.0,0.0215651693622883,0.0,0.025611221423272653,0.012943393612424876,0.01186258210476637
Austria,0.019312742489401485,0.03381499101769018,0.03381499101769018,0.0,0.03170609310809565,0.0110216929268059,0.01304387068986821,0.046625576500337086,0.040497044162816014,0.034175783629272004,0.0,0.0,0.03904280150271455,0.012470766232403382,0.0,0.014367737228561136,0.026616625322214624,0.023809179449503174
Denmark,0.0,0.0,0.0,0.014133702599588219,0.0,0.0,0.0,0.0,0.0552745455860152,0.048953285052471186,0.0010368796231777669,0.0,0.0,0.0,0.0,0.0,0.07145174139059941,0.05553377329435981
Finland,0.0,0.0,0.0,0.06696877387376328,0.05542672905389959,0.0,0.0,0.0,0.030778017952018507,0.024456757418474504,0.00011337617100817166,0.0,0.0,0.0,0.0,0.0,0.04255487262947381,0.03664463575227921
France,0.0,0.0,0.0,0.039232334915506824,0.039630300933845855,0.06349603760340672,0.0,0.0,0.02145955456832505,0.015138294034781034,0.00011337617100817166,0.0,0.0,0.12551022082173344,0.0,0.0,0.032408939887884874,0.028630596270770275
Germany,0.029031768700198992,0.06600780050642639,0.06600780050642639,0.014133702599588219,0.012283325110494682,0.015358832970807272,0.018471704677558855,0.0,0.0009619748836321713,0.0,0.00011337617100817166,0.0,0.10394505145944517,0.017577399504289014,0.0,0.02057723200239914,0.010843770525596557,0.009969674735748342
Greece,0.00456644511801735,0.0066917564335543045,0.0066917564335543045,0.025098632315918603,0.0024060398404563694,0.0028880667384038983,0.0033334106427778828,0.007924207825750222,0.0,0.012583809661813735,0.006161333780951551,0.0147775014231992,0.007255714336712242,0.0032096622757279555,0.012583809661813735,0.0036119709601904384,0.0021651708519013473,0.06617515280714942
Hungary,0.01668603553926231,0.028005109908623902,0.028005109908623902,0.10793282131744444,0.007919198829968615,0.009709699974322287,0.011440050594655202,0.036821076586875834,0.0,0.0,0.02718173150197069,0.0,0.03175224197070895,0.01095143797535102,0.0,0.012563192520890155,0.007053872570750806,0.04167862517315272
Iceland,0.01668603553926231,0.028005109908623902,0.028005109908623902,0.05502876303556055,0.02038996506237204,0.026674961016530885,0.011440050594655202,0.036821076586875834,0.02145955456832505,0.01513829403478103,0.0,0.0,0.03175224197070895,0.03171110210387723,0.0,0.012563192520890155,0.017665403761514962,0.016067403749880103
Ireland,0.014278753068527963,0.023173611504900556,0.023173611504900556,0.02096251040550902,0.0069240394605828105,0.008454787000208321,0.009920722337602812,0.02953051705487023,0.0,0.09058650025961623,0.0401133761710082,0.0,0.02594236086164268,0.009508141209599046,0.09058650025961623,0.010864924051888524,0.006179378073678492,0.005718472768927788
Lithuania,0.033167890610608576,0.10600780050642641,0.10600780050642641,0.014133702599588219,0.013485919091773104,0.016962653066020298,0.0205344537245401,0.0,0.0019571342530180294,0.0,0.00011337617100817166,0.0,0.0,0.019502420315307075,0.0,0.022984514473133478,0.011874486163344732,0.01090060722113414
Norway,0.0,0.0,0.0,0.04987371442829643,0.04645910873976665,0.08839828756013735,0.0,0.0,0.025744028531145,0.019422767997600978,0.00011337617100817166,0.0,0.0,0.0,0.0,0.0,0.03703794727445794,0.032360161789459246
Poland,0.01668603553926231,0.028005109908623902,0.028005109908623902,0.025098632315918603,0.007919198829968615,0.009709699974322287,0.011440050594655202,0.036821076586875834,0.0,0.0,0.00011337617100817166,0.0,0.03175224197070895,0.01095143797535102,0.0,0.012563192520890155,0.007053872570750806,0.006520073118897324
Portugal,0.0,0.0,0.0,0.03148002365741642,0.034113375578829985,0.050395596962334845,0.08447950518398524,0.0,0.017729989049636057,0.011408728516092028,0.053912494888864425,0.0,0.0,0.07041247077846406,0.0,0.0,0.028421170029885624,0.02532850770655561
Spain,0.0,0.0,0.0,0.014133702599588219,0.0,0.0,0.0,0.0,0.1274673550747514,0.12114609454120741,0.018627385839845287,0.0,0.0,0.0,0.0,0.0,0.0,0.08327021225261626
UK,0.0,0.0,0.0,0.01124348419471149,0.0,0.0,0.0,0.0,0.0,0.0,0.0,0.0,0.0,0.0,0.0,0.0,0.0,0.0
