,World,EU,Europe,Austria,Denmark,Finland,France,Germany,Greece,Hungary,Iceland,Ireland,Lithuania,Norway,Poland,Portugal,Spain,UK
World,0.0,0.012583809661813735,0.0,0.04540790713710264,0.03175224197070895,0.0,0.009028518732444094,0.0317346754273129,0.01095143797535102,0.01668603553926231,0.07143563449411705,0.014743536126369913,0.0077523112580903985,0.0,0.036821076586875834,0.0,0.016481855071346266,0.09379911871785626
EU,0.035488750216346863,0.0,0.08283418900152585,0.011974963240788096,0.01697474054750975,0.04697031091193541,0.01561583042726906,0.0,0.028820883699000516,0.00999427910570802,0.007490583034671891,0.03344774919469642,0.17058650025961625,0.0,0.01888913754208062,0.09053000081954526,0.09931604407287213,0.02889686876112562
Europe,0.05058650025961624,0.012583809661813735,0.0,0.04540790713710264,0.021110862457919335,0.08697031091193541,0.006764015538746377,0.0317346754273129,0.008133626188402044,0.01205702815268924,0.07143563449411705,0.010755766268370676,0.0077523112580903985,0.0,0.02372063594580396,0.05058650025961624,0.016481855071346266,0.03870136867458688
Austria,0.035488750216346863,0.007252953091698056,0.08283418900152585,0.0,0.01697474054750975,0.04697031091193541,0.01561583042726906,0.012208681788570167,0.05331741133299722,0.033167890610608576,0.03175224197070895,0.028102087326198854,0.14172332654360645,0.03870136867458688,0.01888913754208062,0.03805565614294445,0.10594200560181015,0.02889686876112562
Denmark,0.0,0.0,0.0,0.017402797228478758,0.0,0.0,0.030858569200779413,0.005792314565670227,0.01095143797535102,0.033167890610608576,0.022002011708096358,0.0847914244489318,0.0,0.0032126184582400032,0.0,0.0012549129741139045,0.0,0.0
Finland,0.09058650025961623,0.012583809661813735,0.0,0.04540790713710264,0.02594236086164268,0.0,0.007874054727645935,0.0317346754273129,0.009508141209599046,0.014278753068527963,0.07143563449411705,0.012680787079388694,0.0077523112580903985,0.0,0.02953051705487023,0.09058650025961623,0.016481855071346266,0.05379911871785626
France,0.0,0.010755766268370676,0.0,0.004722010149090049,0.019037489594490975,0.0,0.0,0.04110555054969577,0.001030715637748203,0.0,0.0,0.002890218404876714,0.08662557650033709,0.0,0.0,0.010206134534813602,0.012835456302775992,0.0
Germany,0.035488750216346863,0.031718276673879685,0.08283418900152585,0.0011100391888995548,0.03601223014200072,0.04697031091193541,0.01561583042726906,0.0,0.05331741133299722,0.00999427910570802,0.0,0.008951221560699696,0.13058650025961624,0.0,0.01888913754208062,0.05611620670340378,0.13587213632145206,0.02889686876112562
Greece,0.0,0.010755766268370676,0.0,0.007290559532005606,0.00462900738657308,0.0,0.009028518732444094,0.019037489594490975,0.0,0.033167890610608576,0.03175224197070895,0.028102087326198854,0.02372063594580396,0.010964929716330403,0.06172332654360646,0.006904045970598964,0.012835456302775992,0.0
Hungary,0.0,0.02153503122251343,0.0,0.04540790713710264,0.0,0.0,0.028451286730045076,0.047155975674123066,0.028820883699000516,0.0,0.11047843599683162,0.0786885875858151,0.06250532688976143,0.05379911871785625,0.0,0.0039414209477945895,0.025032837411302317,0.0
Iceland,0.0077523112580903985,0.04264951134509427,0.010641379512789621,0.05850834777817453,0.008913481349393026,0.008967620314132922,0.0334852761509186,0.07865010708607495,0.03492372056211722,0.0029626250228043426,0.0,0.0026865079736806976,0.09521476735775584,0.0,0.00503398942087352,0.017958445792904003,0.0449926803077854,0.00682880780592082
Ireland,0.0,0.012680787079388689,0.0,0.021687271191298693,0.0,0.0,0.06527236331692088,0.031187650986409493,0.014074586327616418,0.0,0.084794185693946,0.0,0.06372063594580396,0.0,0.0,0.006904045970598963,0.012835456302775989,0.0
Lithuania,0.05058650025961624,0.004129804739432606,0.0,0.008851814888522685,0.027802618891473643,0.08697031091193541,0.017135158684321476,0.10600780050642641,0.028820883699000516,0.01205702815268924,0.009712307950510611,0.042542853434373,0.0,0.0,0.02372063594580396,0.09252731022174278,0.004821416821267046,0.03870136867458688
Norway,0.012583809661813735,0.04816953729573556,0.017931939044795207,0.06831284769163577,0.007255714336712242,0.0147775014231992,0.026229561814206333,0.07781322748674657,0.038539909909798026,0.00456644511801735,0.17538068595356224,0.004129804739432607,0.08940488624868956,0.0,0.007924207825750222,0.0194878556324127,0.0472492504189175,0.010964929716330403
Poland,0.0,0.012583809661813735,0.0,0.04540790713710264,0.10394505145944517,0.0,0.014172533661517139,0.0317346754273129,0.028820883699000516,0.029031768700198992,0.07606464188069013,0.024889468867958876,0.0077523112580903985,0.0,0.0,0.0,0.016481855071346266,0.0
Portugal,0.0,0.0,0.0,0.019465546275459985,0.03175224197070895,0.0,0.020437247248536135,0.005792314565670227,0.026194176748861372,0.01668603553926231,0.01763651577626083,0.11143287324910287,0.0,0.0,0.036821076586875834,0.0,0.0,0.09379911871785626
Spain,0.05058650025961624,0.0786885875858151,0.0,0.008851814888522685,0.08711866296434573,0.08697031091193541,0.017135158684321476,0.0,0.038539909909798026,0.01205702815268924,0.0035028131766726223,0.024610914389577774,0.08,0.0,0.02372063594580396,0.09252731022174278,0.0,0.03870136867458688
UK,0.0,0.012583809661813735,0.0,0.04540790713710264,0.03904280150271455,0.0,0.01023111271372253,0.0317346754273129,0.012470766232403382,0.019312742489401485,0.07143563449411705,0.016965261042208673,0.0077523112580903985,0.0,0.046625576500337086,0.0,0.016481855071346266,0.0
