,World,EU,Europe,Austria,Denmark,Finland,France,Germany,Greece,Hungary,Iceland,Ireland,Lithuania,Norway,Poland,Portugal,Spain,UK
World,0.0,0.0,0.0,0.046625576500337086,0.0030808560203478474,0.006625961528938035,0.0,0.0,0.03870136867458688,0.0,0.07219280948873623,0.0,0.012345733160936687,0.06394505145944517,0.0,0.008616777244572342,0.005940960139214366,0.001804544707670958
EU,0.0,0.0,0.0697373660251154,0.06907853083005089,0.023493110703219175,0.0,0.0,0.0,0.056761919235046254,0.009028518732444094,0.0,0.0,0.0,0.09254649695203639,0.03172459384485659,0.04727645177747015,0.0,0.0
Europe,0.0,0.0,0.0,0.07683084208814131,0.026995923879891835,0.0,0.0,0.0,0.06227884459006211,0.011486025687836417,0.0,0.0,0.0,0.10318787646482601,0.042365973357646206,0.05502876303556055,0.0,0.0
Austria,0.06490224995673063,0.0,0.0,0.0,0.03561270112446418,0.004821416821267045,0.0,0.0,0.06227884459006213,0.08714404191293773,0.03219280948873624,0.0,0.008729543813255879,0.0,0.0,0.05283507127417506,0.0043371400440014056,0.0037295655186890013
Denmark,0.0,0.0,0.0,0.046625576500337086,0.0,0.0,0.0,0.0,0.03870136867458688,0.047340424272125675,0.0,0.0,0.0,0.03904280150271455,0.0,0.029930130719641946,0.0,0.0317346754273129
Finland,0.0,0.06600780050642639,0.04483511606838478,0.06297569396693423,0.020369962350953785,0.0,0.0,0.0,0.05213291184847315,0.006764015538746377,0.0,0.0,0.0,0.08479418569394599,0.02397228258676619,0.04117361491435344,0.07737659463333149,0.0
France,0.0,0.019037489594490975,0.015938247307259172,0.049927665064551735,0.012628186651330682,0.03655609224857993,0.0,0.0,0.041519180461535854,0.0008744944970723184,0.0,0.0,0.0,0.06937288544713584,0.008550982339956055,0.029930130719641946,0.030406283721396053,0.0317346754273129
Germany,0.024902249956730627,0.0,0.0,0.00503398942087352,0.0014993255456341459,0.0031231483522654196,0.0,0.0,0.00682880780592082,0.024902249956730627,0.017095059445466857,0.0,0.005516925355015883,0.06394505145944517,0.0,0.003987769857999264,0.0028178117869489734,0.0
Greece,0.06490224995673063,0.0,0.0,0.0,0.04434224493772006,0.004821416821267045,0.0,0.0,0.0,0.09335353668677572,0.03219280948873624,0.0,0.008729543813255879,0.0,0.0,0.05283507127417506,0.0043371400440014056,0.010421321952243285
Hungary,0.0,0.0,0.0,0.02372063594580396,0.0030808560203478474,0.006625961528938035,0.0,0.0,0.01579642812005374,0.0,0.07219280948873623,0.0,0.012345733160936687,0.03175224197070895,0.0,0.017346321057828195,0.005940960139214366,0.001804544707670958
Iceland,0.0,0.0,0.0,0.046625576500337086,0.00390536538609048,0.008550982339956055,0.0032126184582400032,0.0,0.03870136867458688,0.0,0.0,0.0,0.016481855071346266,0.06394505145944517,0.0,0.01124348419471149,0.007639228608216048,0.0037295655186890013
Ireland,0.009804499913461252,0.0,0.0,0.002407282470734359,0.0007399247019073972,0.0015193282570524253,0.0,0.04,0.0032126184582400032,0.009804499913461252,0.007290559532005606,0.0,0.002626706950139176,0.0022217249158387035,0.0,0.0019250208110180207,0.001374515021196999,0.0
Lithuania,0.0,0.05091005046315702,0.03754455653637918,0.06034898701679503,0.01892666558520184,0.0015193282570524253,0.0032126184582400032,0.0,0.050070162801491944,0.006764015538746377,0.0,0.0,0.0,0.081581567235706,0.02075966412852621,0.04117361491435344,0.06227884459006213,0.001804544707670958
Norway,0.024902249956730627,0.0,0.0,0.17476278113293653,0.033205418653729814,0.0031231483522654196,0.0,0.0,0.13898290386245152,0.0436412287362651,0.017095059445466857,0.0,0.005516925355015883,0.0,0.0,0.11096339267815827,0.0028178117869489734,0.0
Poland,0.0,0.0,0.0,0.11966503108966715,0.03823940807460334,0.0,0.0,0.0,0.08388515381918214,0.01873897877953447,0.0,0.0,0.0,0.06394505145944517,0.0,0.09786295203708638,0.0,0.0
Portugal,0.0,0.0,0.0,0.0,0.02892094469090987,0.010613731386937272,0.006828807805920821,0.0,0.06227884459006213,0.02224179195620709,0.0,0.0,0.021313353475069616,0.0,0.0,0.0,0.009443773315887017,0.009521880084359228
Spain,0.0,0.0,0.0697373660251154,0.06907853083005089,0.023493110703219175,0.0,0.0,0.0,0.056761919235046254,0.009028518732444094,0.0,0.0,0.0,0.09254649695203639,0.03172459384485659,0.04727645177747015,0.0,0.0
UK,0.0,0.06600780050642639,0.04483511606838477,0.035239255008677764,0.020369962350953785,0.0,0.0,0.0,0.024396472890216687,0.04320430236171608,0.0,0.0,0.0,0.04679149509614351,0.02397228258676619,0.025377186794299712,0.0773765946333315,0.0
