,World,EU,Europe,Austria,Denmark,Finland,France,Germany,Greece,Hungary,Iceland,Ireland,Lithuania,Norway,Poland,Portugal,Spain,UK
World,0.0,0.08380927012339819,0.0,0.0,0.0,0.0,0.0,0.0,0.06349603760340672,0.002380282651710039,0.05121778824616892,0.0395350692791839,0.0,0.0,0.0,0.049094403129884834,0.024892230112973073,0.0
EU,0.0033334106427778828,0.0,0.0033334106427778828,0.004821416821267046,0.017931939044795207,0.0036119709601904384,0.0147775014231992,0.0066917564335543045,0.0028880667384038983,2.821899415669684e-05,0.011974963240788096,0.03270626147326308,0.00971902621079751,0.0,0.0066917564335543045,0.10986053117620588,0.05621756555289059,0.0014432967657519627
Europe,0.0,0.08380927012339819,0.0,0.0,0.0,0.0,0.0,0.0,0.06349603760340672,0.002380282651710039,0.05121778824616892,0.0395350692791839,0.0,0.0,0.0,0.049094403129884834,0.024892230112973073,0.0
Austria,0.03750919427204984,0.05427875306852797,0.03750919427204984,0.0,0.0,0.0442978679482031,0.0,0.0,0.029082243487265246,0.021026091663995043,0.12341059773490515,0.0616031302343887,0.0,0.0,0.0,0.025920791624984292,0.007255714336712242,0.06090432956886503
Denmark,0.008477425571850859,0.04,0.008477425571850859,0.012835456302775992,0.0,0.009261103956675483,0.08697031091193541,0.019037489594490975,0.007252193018929986,0.007708680330997773,0.12341059773490515,0.0616031302343887,0.03178708716600232,0.009719026210797512,0.019037489594490975,0.01888913754208062,0.021110862457919335,0.00806925829468995
Finland,0.08447950518398525,0.033167890610608576,0.08447950518398525,0.0,0.0,0.0,0.0,0.0,0.050395596962334845,0.0007139002879413878,0.040576408733379296,0.03270626147326308,0.0,0.0,0.0,0.04134209187179443,0.019375304757957207,0.0
France,0.009920722337602812,0.04,0.009920722337602812,0.015242738773510347,0.0,0.010864924051888524,0.0,0.023173611504900556,0.008454787000208321,0.021026091663995047,0.12341059773490515,0.0616031302343887,0.04159158707946356,0.0138551481212071,0.023173611504900556,0.01888913754208062,0.02594236086164268,0.009994279105708022
Germany,0.027790168061252316,0.04806925829468995,0.027790168061252316,0.05946103280311306,0.0,0.03171405828638935,0.0,0.0,0.02239048705371097,0.021026091663995043,0.12341059773490515,0.0616031302343887,0.0,0.0,0.0,0.022191226106295273,0.007255714336712242,0.03799938901433191
Greece,0.0,0.15600207961213441,0.0,0.0,0.0,0.0,0.0,0.0,0.0,2.821899415669684e-05,0.03282409747528892,0.027189336118247243,0.0,0.0,0.0,0.0768308420881413,0.0406886582330268,0.0
Hungary,0.004536004624056217,0.0,0.004536004624056217,0.006625961528938035,0.0,0.004923963912674149,0.0,0.009318463383693479,0.003918782376152095,0.0,0.0011100391888995548,0.0009951593693858186,0.04159158707946356,0.0138551481212071,0.009318463383693479,0.002407282470734359,0.03904280150271455,0.0062647135870190105
Iceland,0.016546683866540818,0.00456644511801735,0.016546683866540818,0.027588471934447033,0.017931939044795207,0.018355507086560408,0.0147775014231992,0.0066917564335543045,0.013839504713754884,0.021026091663995043,0.0,0.12650538019111934,0.00971902621079751,0.0,0.0066917564335543045,0.036821076586875834,0.01697474054750975,0.02541557935251818
Ireland,0.014742139158869875,0.00456644511801735,0.014742139158869875,0.02397228258676619,0.02773643895825647,0.016292758039579178,0.022068060955204787,0.009318463383693479,0.012396207948002976,0.02728593555825248,0.0,0.0,0.0138551481212071,0.0,0.009318463383693479,0.046625576500337086,0.021110862457919335,0.02220296089427817
Lithuania,0.014742139158869875,0.04,0.014742139158869875,0.02397228258676619,0.0,0.016292758039579178,0.0,0.04110555054969577,0.012396207948002976,0.021026091663995043,0.12341059773490515,0.0616031302343887,0.0,0.03178708716600232,0.04110555054969577,0.01888913754208062,0.007255714336712242,0.01668603553926231
Norway,0.02275617864037881,0.04456644511801735,0.02275617864037881,0.042365973357646206,0.0,0.025611221423272653,0.0,0.0,0.018660921535021968,0.021026091663995043,0.12341059773490515,0.0616031302343887,0.0,0.0,0.0,0.01888913754208062,0.007255714336712242,0.029031768700198992
Poland,0.02275617864037881,0.04456644511801735,0.02275617864037881,0.042365973357646206,0.0,0.025611221423272653,0.0,0.0,0.018660921535021968,0.021026091663995043,0.12341059773490515,0.0616031302343887,0.0,0.0,0.0,0.01888913754208062,0.007255714336712242,0.029031768700198992
Portugal,0.008477425571850859,0.0,0.008477425571850859,0.012835456302775989,0.0,0.009261103956675483,0.08697031091193541,0.01903748959449098,0.007252193018929986,0.000254971336173165,0.01547777641746072,0.013465925601789218,0.03178708716600232,0.00971902621079751,0.01903748959449098,0.0,0.09538068595356225,0.00806925829468995
Spain,0.014742139158869875,0.0,0.014742139158869875,0.02397228258676619,0.0,0.04848556752831542,0.0,0.04110555054969577,0.012396207948002976,0.04375778451284574,0.021687271191298693,0.018572558873674882,0.0,0.03178708716600232,0.04110555054969577,0.0,0.0,0.01668603553926231
UK,0.05228669569524903,0.06220296089427816,0.05228669569524903,0.0,0.0,0.06720280850273622,0.0,0.0,0.03781178730052113,0.012563658789185172,0.12341059773490515,0.0616031302343887,0.0,0.0,0.0,0.03261254805853856,0.012683548324402903,0.0
