,World,EU,Europe,Austria,Denmark,Finland,France,Germany,Greece,Hungary,Iceland,Ireland,Lithuania,Norway,Poland,Portugal,Spain,UK
World,0.0,0.16684990961177135,0.1393782431720254,0.006761185233610238,0.008177591307662187,0.01849334456437344,0.08874521521626062,0.006062204223688129,0.0,0.008177591307662187,0.01732116382398954,0.0,0.005764421424984755,0.008177591307662187,0.006392564884713276,0.03252302129455718,0.0,0.006227384554200707
EU,0.0,0.0,0.0757167027890917,0.010830338149935989,0.013314315206512734,0.026947601356627368,0.0,0.00963650338355818,0.0,0.013314315206512734,0.013631174693703004,0.0,0.009133899551734381,0.013314315206512734,0.010198243985416348,0.08874521521626062,0.0,0.01413790624612969
Europe,0.0,0.07959458224265561,0.0,0.00872549218362863,0.010634001992084984,0.0,0.004220532561642432,0.00779513123287352,0.0,0.010634001992084984,0.00472347692507457,0.0,0.007400972542549036,0.010634001992084984,0.008233937035397907,0.04792888868564838,0.0,0.009917373684487259
Austria,0.00797631898500426,0.0056803267977596755,0.0060097153486470475,0.0,0.0,0.046506863651589264,0.024212982636631523,0.07895570880952195,0.0,0.0,0.0,0.0,0.06488860973729157,0.0,0.11836946899197387,0.009984953986627187,0.02110944643938627,0.0
Denmark,0.004290634331748707,0.0021424725375799223,0.0028517740667958575,0.0606745232684827,0.0,0.03101714715928059,0.019293169553705924,0.046105903208770685,0.0,0.0,0.04081632653061224,0.0,0.041516221416339386,0.0,0.05214268332184059,0.005559300880503343,0.013705656299883958,0.0
Finland,0.00797631898500426,0.008299618559593921,0.007142408398544565,0.0,0.0,0.0,0.020125904676024074,0.0,0.0,0.016263517660468536,0.02647179679759457,0.0,0.0,0.0,0.008907697768628445,0.015195804264061488,0.046105903208770685,0.0
France,0.04949254040134371,0.12314155348776538,0.03622551026400308,0.00872549218362863,0.010634001992084984,0.012690549220707491,0.0,0.00779513123287352,0.0,0.04301632385668998,0.026471796797594562,0.0,0.007400972542549036,0.010634001992084984,0.035910707019210036,0.12822336581403113,0.0,0.009917373684487259
Germany,0.010717653652025375,0.008299618559593921,0.008320432893236616,0.0,0.0,0.0597024194363214,0.028018661737334586,0.0,0.0,0.0,0.0,0.0,0.12111080365899499,0.0,0.0,0.013354432113376814,0.027336830993586993,0.0
Greece,0.0010154687442712434,0.0,0.0,0.03730213494753054,0.05575471018555716,0.018770402935292637,0.015079083084897141,0.03102682012387353,0.0,0.05575471018555716,0.04081632653061224,0.05489705991617985,0.028675599312447807,0.05575471018555716,0.03384478633735569,0.004220532561642432,0.00779513123287352,0.0
Hungary,0.004290634331748707,0.07184945997802454,0.047414214056176955,0.0606745232684827,0.0,0.000553813222126489,0.004214086468808781,0.046105903208770685,0.0,0.0,0.05813749035460179,0.0,0.041516221416339386,0.0,0.05214268332184059,0.0013387683188609107,0.013705656299883958,0.0
Iceland,0.004290634331748707,0.04092072824962329,0.07651790619815935,0.028151501973925536,0.03831077197589713,0.0225760820359957,0.026732516014936113,0.024058648893342086,0.004220532561642432,0.042116451076600184,0.0,0.054897059916179845,0.02244821475824711,0.03831077197589713,0.03156378031381026,0.025259764213148447,0.03524735268551596,0.009917373684487259
Ireland,0.0031579412818512043,0.0010517506507634721,0.0018701670426814335,0.05066993152005285,0.1119769041072606,0.02664523495232148,0.017820417751918262,0.04017745309747856,0.0,0.1119769041072606,0.04081632653061224,0.0,0.03658612100437681,0.1119769041072606,0.044703336860610385,0.004220532561642432,0.01160081033357659,0.0
Lithuania,0.012190405453813098,0.009702184907754124,0.009547569608826753,0.0,0.0,0.06761294112825042,0.03012350770364195,0.0,0.0,0.0,0.0,0.0,0.0,0.0,0.0,0.015195804264061488,0.03102682012387353,0.0
Norway,0.004290634331748707,0.0021424725375799223,0.0028517740667958575,0.0606745232684827,0.0,0.03101714715928059,0.019293169553705924,0.046105903208770685,0.0,0.0,0.04081632653061224,0.0,0.041516221416339386,0.0,0.05214268332184059,0.005559300880503343,0.013705656299883958,0.0
Poland,0.03665191829745214,0.03932643868346737,0.030595994595619524,0.0,0.0,0.012690549220707495,0.010975271702419053,0.11977203534013418,0.0,0.1119769041072606,0.021541696385631973,0.0,0.08029447712838277,0.0,0.0,0.0074009725425490365,0.02405864889334208,0.0
Portugal,0.06286033697386603,0.05440552176836451,0.04319368149453453,0.013097404390587744,0.016263517660468536,0.012690549220707491,0.0,0.01160081033357659,0.004220532561642432,0.06201363609759584,0.06728812332820681,0.003278182100244901,0.010975271702419053,0.016263517660468536,0.0574237981451959,0.0,0.0,0.019068006658092287
Spain,0.027744220528823714,0.024272341100129595,0.02180336475421921,0.0,0.0,0.012690549220707491,0.05659530450123653,0.0,0.0,0.010634001992084984,0.026471796797594562,0.0,0.0,0.0,0.0026803132144277296,0.03658612100437681,0.0,0.0
UK,0.0,0.0,0.0,0.032372034535567945,0.045750118437127306,0.01519610377542264,0.015079083084897141,0.027336830993586993,0.08874521521626062,0.045750118437127306,0.04081632653061224,0.03949119252508865,0.025397417212202927,0.045750118437127306,0.02962425377571325,0.004220532561642432,0.006062204223688129,0.0
