,World,EU,Europe,Austria,Denmark,Finland,France,Germany,Greece,Hungary,Iceland,Ireland,Lithuania,Norway,Poland,Portugal,Spain,UK
World,0.0,0.0,0.0,0.01624015761152116,0.0,0.03171405828638935,0.051099829655403786,0.01520789680612264,0.0,0.06690317702358957,0.04518378514459526,0.11143563449411706,0.023522303615306283,0.02136729745913483,0.018471704677558855,0.0,0.0,0.0004035708894408311
EU,0.037544556536379184,0.0,0.0,0.010449240013350954,0.0,0.018355507086560408,0.02541557935251818,0.009848611156210729,0.0,0.05042132195224329,0.023577475915475238,0.033432943896314564,0.0144279004854214,0.013298039164444856,0.009920722337602812,0.0,0.0,0.0004035708894408311
Europe,0.026903177023589565,0.05931604407287213,0.0,0.008423365006216946,0.09668933712273296,0.014367737228561136,0.019312742489401485,0.007955703787192694,0.0,0.045792314565670234,0.01806055056045937,0.024465323582181644,0.011465275462617063,0.010611531190764136,0.007102910550653838,0.0,0.09668933712273296,0.0004035708894408311
Austria,0.0,0.0,0.0,0.0,0.0,0.0,0.0,0.09635399134733004,0.0,0.04,0.0,0.0,0.0,0.0,0.0,0.0,0.07737659463333149,0.0038542658485578754
Denmark,0.0317346754273129,0.09931604407287213,0.0,0.009418524375602715,0.0,0.016292758039579178,0.02220296089427817,0.0088866362725786,0.0,0.04801403948150895,0.020687257510598547,0.02860144549259123,0.012908572228368977,0.0119235241432478,0.008477425571850859,0.0,0.0,0.0004035708894408311
Finland,0.0,0.0,0.0,0.030983693737891102,0.0,0.0,0.0,0.028421170029885624,0.0,0.04,0.0,0.0,0.0552745455860152,0.04646592977505342,0.04647681458618276,0.0,0.009443773315887017,0.09420268960729711
France,0.0,0.0,0.0,0.021889290608006186,0.0,0.05010774905726938,0.0,0.02035191173519563,0.0,0.09463961598184603,0.11737659463333153,0.0,0.03366823635689521,0.029984074703707137,0.027790168061252316,0.0,0.001374515021196999,0.01619999900949457
Germany,0.0,0.0,0.0,0.0,0.0,0.0,0.0,0.0,0.0,0.04,0.0,0.0,0.0,0.0,0.0,0.0,0.0,0.01232569910305666
Greece,0.022767055113179974,0.04421829402960275,0.09379911871785626,0.007461390122584729,0.056689337122732955,0.012563192520890155,0.01668603553926231,0.007053872570750806,0.0,0.043729565518689006,0.01565326808972501,0.020849134234500827,0.010090760441419992,0.00935661821665022,0.0057909175981701285,0.0,0.056689337122732955,0.0004035708894408311
Hungary,0.0,0.0,0.0,0.00562862642075693,0.0,0.0823005585460056,0.0,0.04576749108771381,0.0,0.0,0.0,0.0,0.044633166073225594,0.006999560230573674,0.008477425571850859,0.0,0.02679009437371525,0.04255563452314475
Iceland,0.0,0.0,0.0,0.023493110703219175,0.0,0.05739830858927497,0.0,0.02179520850094756,0.0,0.1097373660251154,0.0,0.0,0.036880854815135186,0.03261078165384631,0.03068038646612902,0.0,0.0028178117869489734,0.02200988011856085
Ireland,0.0,0.0,0.0,0.017552150564004793,0.0,0.035330247634070173,0.06090432956886503,0.016410490787401043,0.0,0.0717346754273129,0.05247434467660087,0.0,0.025744028531145,0.023292318270152865,0.0205344537245401,0.0,0.0,0.0036161893476808343
Lithuania,0.0,0.0,0.0,0.04434224493772006,0.0,0.0,0.0,0.039664654224597105,0.0,0.08,0.0,0.0,0.0,0.08930011877657927,0.12447950518398525,0.0,0.020687257510598543,0.0004035708894408311
Norway,0.0,0.0,0.0,0.05209455619581046,0.0,0.0,0.0,0.04576749108771381,0.0,0.08,0.0,0.0,0.0,0.0,0.0,0.0,0.02679009437371525,0.0004035708894408311
Poland,0.0,0.0,0.0,0.04795843428540087,0.0,0.0,0.0,0.04255487262947381,0.0,0.08,0.0,0.0,0.0,0.1293001187765793,0.0,0.0,0.023577475915475245,0.0004035708894408311
Portugal,0.010421321952243285,0.016481855071346266,0.021606309229120026,0.00390536538609048,0.018686646524930444,0.0062984789338711485,0.00806925829468995,0.0037045018203721255,0.025684250302885597,0.0,0.007639228608216048,0.009712307950510611,0.005166796528745942,0.004820613592593928,0.0010689074490801416,0.0,0.018686646524930444,0.020133629902753917
Spain,0.0317346754273129,0.09931604407287213,0.0,0.009418524375602715,0.0,0.016292758039579178,0.02220296089427817,0.0088866362725786,0.0,0.08801403948150895,0.020687257510598547,0.02860144549259123,0.012908572228368977,0.0119235241432478,0.008477425571850859,0.0,0.0,0.02516761932362747
UK,0.019150865765499167,0.0344137941161415,0.05379911871785626,0.01892666558520184,0.04159158707946357,0.010864924051888524,0.014278753068527963,0.017665403761514962,0.09058650025961623,0.04180454470767096,0.013431543173886283,0.01763651577626083,0.028151311001879353,0.025355067317134064,0.033893004924369,0.0,0.052960381206368624,0.0
